#chan	code	gain	vt50	innse	comment
   0	     0	80.7	150.4	 654	OK
   1	     0	79.7	151.3	 668	OK
   2	     0	77.8	146.3	 654	OK
   3	     0	76.4	142.0	 664	OK
   4	     0	77.5	146.9	 652	OK
   5	     0	78.4	147.1	 662	OK
   6	     0	77.4	146.2	 662	OK
   7	     0	78.8	149.3	 677	OK
   8	     0	76.3	143.6	 657	OK
   9	     0	80.4	149.8	 667	OK
  10	     0	74.0	141.6	 671	OK
  11	     0	75.6	143.8	 660	OK
  12	     0	77.7	145.7	 666	OK
  13	     0	75.4	141.5	 658	OK
  14	     0	75.7	142.9	 664	OK
  15	     0	76.8	145.0	 680	OK
  16	     0	74.7	141.2	 654	OK
  17	     0	77.7	146.9	 668	OK
  18	     0	74.2	137.9	 665	OK
  19	     0	77.9	145.9	 677	OK
  20	     0	73.8	137.8	 656	OK
  21	     0	75.7	142.6	 665	OK
  22	     0	74.2	140.7	 684	OK
  23	     0	76.4	141.2	 676	OK
  24	     0	76.4	144.6	 688	OK
  25	     0	78.2	146.4	 674	OK
  26	     0	73.4	139.1	 670	OK
  27	     0	75.9	142.8	 679	OK
  28	     0	77.7	147.4	 680	OK
  29	     0	76.6	143.0	 703	OK
  30	     0	75.2	140.9	 664	OK
  31	     0	77.7	146.1	 665	OK
  32	     0	78.2	146.3	 690	OK
  33	     0	76.8	145.2	 679	OK
  34	     0	75.9	143.0	 696	OK
  35	     0	76.0	142.3	 687	OK
  36	     0	75.1	141.3	 686	OK
  37	     0	77.3	146.2	 669	OK
  38	     0	76.5	142.0	 701	OK
  39	     0	76.9	143.3	 679	OK
  40	     0	75.6	141.2	 701	OK
  41	     0	76.6	143.3	 701	OK
  42	     0	75.4	144.7	 694	OK
  43	     0	76.4	143.1	 700	OK
  44	     0	77.9	146.4	 682	OK
  45	     0	75.9	142.4	 689	OK
  46	     0	77.4	145.7	 698	OK
  47	     0	76.4	145.2	 695	OK
  48	     0	75.0	140.6	 678	OK
  49	     0	76.2	143.7	 689	OK
  50	     0	76.0	144.5	 686	OK
  51	     0	77.8	146.4	 701	OK
  52	     0	75.0	142.1	 685	OK
  53	     0	76.9	144.7	 687	OK
  54	     0	75.9	143.0	 701	OK
  55	     0	77.0	144.4	 703	OK
  56	     0	75.6	141.6	 709	OK
  57	     0	75.5	142.2	 691	OK
  58	     0	76.0	144.1	 694	OK
  59	     0	75.3	142.4	 686	OK
  60	     0	77.5	146.1	 682	OK
  61	     0	77.5	147.5	 677	OK
  62	     0	79.0	147.7	 701	OK
  63	     0	77.3	145.9	 702	OK
  64	     0	78.7	148.6	 691	OK
  65	     0	78.9	147.9	 700	OK
  66	     0	75.7	143.3	 708	OK
  67	     0	77.2	145.4	 685	OK
  68	     0	77.0	143.5	 699	OK
  69	     0	77.4	147.1	 682	OK
  70	     0	75.9	142.5	 697	OK
  71	     0	76.2	143.0	 688	OK
  72	     0	76.0	144.3	 694	OK
  73	     0	77.2	143.9	 697	OK
  74	     0	75.9	142.1	 698	OK
  75	     0	76.6	144.5	 687	OK
  76	     0	76.9	144.9	 690	OK
  77	     0	76.9	145.4	 691	OK
  78	     0	74.2	139.1	 689	OK
  79	     0	74.5	139.9	 712	OK
  80	     0	78.7	147.1	 700	OK
  81	     0	74.6	142.3	 701	OK
  82	     0	76.0	144.6	 704	OK
  83	     0	76.0	144.7	 683	OK
  84	     0	78.2	146.8	 681	OK
  85	     0	77.2	144.0	 679	OK
  86	     0	76.8	144.4	 700	OK
  87	     0	75.3	141.9	 692	OK
  88	     0	76.3	142.8	 675	OK
  89	     0	78.1	147.8	 686	OK
  90	     0	76.0	145.0	 692	OK
  91	     0	76.0	142.7	 691	OK
  92	     0	74.2	141.2	 701	OK
  93	     0	76.5	142.5	 686	OK
  94	     0	76.1	144.1	 694	OK
  95	     0	77.2	145.7	 675	OK
  96	     0	74.0	138.4	 702	OK
  97	     0	74.1	140.7	 694	OK
  98	     0	75.1	139.0	 685	OK
  99	     0	77.8	145.6	 684	OK
 100	     0	75.6	142.8	 681	OK
 101	     0	77.3	143.7	 697	OK
 102	     0	77.6	144.9	 695	OK
 103	     0	77.6	145.9	 664	OK
 104	     0	75.6	142.7	 699	OK
 105	     0	78.1	145.1	 707	OK
 106	     0	74.0	138.8	 678	OK
 107	     0	77.0	144.1	 672	OK
 108	     0	77.8	145.1	 666	OK
 109	     0	78.5	146.4	 673	OK
 110	     0	79.1	146.6	 664	OK
 111	     0	76.5	143.6	 681	OK
 112	     0	77.0	145.8	 683	OK
 113	     0	78.4	146.3	 691	OK
 114	     0	79.0	147.6	 680	OK
 115	     0	78.4	148.1	 684	OK
 116	     0	75.5	140.9	 687	OK
 117	     0	75.7	140.9	 681	OK
 118	     0	78.8	148.2	 660	OK
 119	     0	77.2	144.7	 681	OK
 120	     0	77.7	146.8	 664	OK
 121	     0	76.1	144.9	 676	OK
 122	     0	75.7	142.5	 683	OK
 123	     0	79.9	149.2	 677	OK
 124	     0	78.4	145.0	 668	OK
 125	     0	78.0	146.1	 687	OK
 126	     0	76.5	142.2	 679	OK
 127	     0	80.1	149.9	 675	OK
 128	     0	73.6	139.9	 691	OK
 129	     0	75.5	143.6	 703	OK
 130	     0	73.8	137.5	 706	OK
 131	     0	74.2	138.8	 697	OK
 132	     0	75.4	142.6	 680	OK
 133	     0	72.7	138.0	 702	OK
 134	     0	71.0	134.6	 694	OK
 135	     0	71.2	135.8	 696	OK
 136	     0	71.0	135.3	 695	OK
 137	     0	73.5	138.8	 699	OK
 138	     0	72.7	136.7	 688	OK
 139	     0	71.6	136.2	 700	OK
 140	     0	72.8	135.9	 684	OK
 141	     0	70.9	133.6	 702	OK
 142	     0	71.1	135.2	 711	OK
 143	     0	72.0	137.9	 703	OK
 144	     0	72.3	135.7	 700	OK
 145	     0	70.9	134.4	 710	OK
 146	     0	71.9	137.2	 699	OK
 147	     0	71.0	133.5	 681	OK
 148	     0	71.4	135.9	 694	OK
 149	     0	69.4	131.3	 686	OK
 150	     0	69.2	134.2	 694	OK
 151	     0	72.3	137.3	 699	OK
 152	     0	70.1	133.4	 685	OK
 153	     0	70.8	135.2	 691	OK
 154	     0	72.5	136.8	 703	OK
 155	     0	70.4	134.3	 703	OK
 156	     0	69.2	131.6	 694	OK
 157	     0	70.1	134.3	 700	OK
 158	     0	68.4	131.4	 683	OK
 159	     0	71.0	133.8	 699	OK
 160	     0	70.3	134.3	 724	OK
 161	     0	69.7	134.8	 701	OK
 162	     0	73.6	140.8	 681	OK
 163	     0	71.0	134.5	 704	OK
 164	     0	70.8	134.8	 700	OK
 165	     0	71.9	137.2	 673	OK
 166	     0	71.1	133.5	 695	OK
 167	     0	68.4	130.9	 701	OK
 168	     0	72.8	138.0	 703	OK
 169	     0	73.8	138.7	 716	OK
 170	     0	71.6	137.8	 694	OK
 171	     0	73.6	137.6	 698	OK
 172	     0	68.9	131.0	 706	OK
 173	     0	70.3	135.1	 705	OK
 174	     0	71.9	137.6	 689	OK
 175	     0	71.5	136.2	 704	OK
 176	     0	71.6	135.8	 705	OK
 177	     0	72.4	136.1	 702	OK
 178	     0	73.1	140.9	 708	OK
 179	     0	70.7	133.8	 705	OK
 180	     0	69.4	133.8	 714	OK
 181	     0	71.1	135.4	 714	OK
 182	     0	74.3	139.9	 709	OK
 183	     0	72.1	137.3	 704	OK
 184	     0	67.6	129.6	 716	OK
 185	     0	70.1	134.6	 693	OK
 186	     0	71.7	137.4	 702	OK
 187	     0	71.0	136.8	 700	OK
 188	     0	71.0	135.3	 701	OK
 189	     0	72.5	137.1	 706	OK
 190	     0	73.5	140.2	 722	OK
 191	     0	72.6	138.2	 719	OK
 192	     0	71.5	137.0	 699	OK
 193	     0	70.7	135.2	 713	OK
 194	     0	71.7	138.5	 712	OK
 195	     0	72.2	139.3	 708	OK
 196	     0	71.1	136.5	 721	OK
 197	     0	72.5	138.2	 723	OK
 198	     0	71.2	136.5	 701	OK
 199	     0	69.6	133.5	 697	OK
 200	     0	70.7	135.9	 718	OK
 201	     0	71.8	136.9	 722	OK
 202	     0	70.1	135.0	 681	OK
 203	     0	69.7	132.1	 687	OK
 204	     0	71.1	136.4	 690	OK
 205	     0	70.4	135.5	 677	OK
 206	     0	69.5	131.7	 712	OK
 207	     0	70.8	137.1	 687	OK
 208	     0	69.5	134.4	 703	OK
 209	     0	70.7	135.4	 678	OK
 210	     0	69.5	133.2	 689	OK
 211	     0	71.0	135.9	 701	OK
 212	     0	70.2	136.4	 687	OK
 213	     0	72.3	137.7	 700	OK
 214	     0	71.9	137.4	 707	OK
 215	     0	70.0	134.4	 699	OK
 216	     0	66.6	127.9	 696	OK
 217	     0	69.7	135.1	 710	OK
 218	     0	69.9	132.3	 675	OK
 219	     0	71.1	137.8	 697	OK
 220	     0	70.0	133.3	 682	OK
 221	     0	70.0	133.4	 668	OK
 222	     0	71.4	136.7	 681	OK
 223	     0	71.2	136.7	 684	OK
 224	     0	70.0	133.6	 681	OK
 225	     0	69.7	134.7	 669	OK
 226	     0	67.3	129.4	 674	OK
 227	     0	72.8	140.4	 665	OK
 228	     0	69.4	133.7	 667	OK
 229	     0	71.9	135.6	 662	OK
 230	     0	69.8	135.1	 666	OK
 231	     0	69.8	133.3	 653	OK
 232	     0	70.6	132.2	 656	OK
 233	     0	72.4	138.8	 656	OK
 234	     0	69.6	133.6	 663	OK
 235	     0	70.4	134.7	 667	OK
 236	     0	70.4	135.7	 654	OK
 237	     0	69.1	133.2	 650	OK
 238	     0	71.0	137.0	 672	OK
 239	     0	72.3	139.2	 650	OK
 240	     0	72.3	137.5	 642	OK
 241	     0	71.5	135.9	 669	OK
 242	     0	72.1	137.3	 667	OK
 243	     0	70.9	136.8	 643	OK
 244	     0	72.2	136.4	 677	OK
 245	     0	69.5	133.6	 662	OK
 246	     0	69.9	133.2	 647	OK
 247	     0	70.4	137.1	 654	OK
 248	     0	69.2	133.3	 650	OK
 249	     0	72.5	139.5	 660	OK
 250	     0	71.0	136.8	 673	OK
 251	     0	71.5	137.3	 661	OK
 252	     0	71.6	137.5	 655	OK
 253	     0	72.0	139.0	 651	OK
 254	     0	71.6	137.3	 667	OK
 255	     0	71.7	134.5	 681	OK
 256	     0	80.2	150.0	 624	OK
 257	     0	79.4	150.0	 617	OK
 258	     0	79.8	150.3	 611	OK
 259	     0	81.4	153.9	 615	OK
 260	     0	82.3	154.9	 603	OK
 261	     0	81.0	153.3	 596	OK
 262	     0	81.2	154.2	 615	OK
 263	     0	80.5	154.5	 617	OK
 264	     0	79.1	148.6	 618	OK
 265	     0	80.2	154.1	 614	OK
 266	     0	79.9	151.5	 596	OK
 267	     0	80.8	155.3	 605	OK
 268	     0	82.1	155.9	 618	OK
 269	     0	80.0	150.7	 606	OK
 270	     0	80.6	153.9	 611	OK
 271	     0	82.5	156.0	 620	OK
 272	     0	80.1	152.5	 604	OK
 273	     0	82.6	156.4	 609	OK
 274	     0	81.0	152.2	 611	OK
 275	     0	80.5	151.2	 614	OK
 276	     0	79.8	150.8	 602	OK
 277	     0	79.8	152.5	 617	OK
 278	     0	79.7	149.4	 613	OK
 279	     0	79.1	148.5	 608	OK
 280	     0	80.7	153.4	 607	OK
 281	     0	79.2	149.8	 620	OK
 282	     0	79.7	150.7	 629	OK
 283	     0	82.1	156.2	 619	OK
 284	     0	83.0	155.8	 617	OK
 285	     0	80.7	152.9	 613	OK
 286	     0	79.7	152.8	 613	OK
 287	     0	77.9	148.5	 619	OK
 288	     0	78.7	150.6	 622	OK
 289	     0	80.5	152.4	 613	OK
 290	     0	80.9	152.5	 617	OK
 291	     0	79.0	150.4	 626	OK
 292	     0	80.9	154.0	 631	OK
 293	     0	80.1	152.4	 616	OK
 294	     0	84.1	157.2	 639	OK
 295	     0	81.8	153.4	 634	OK
 296	     0	80.2	152.8	 633	OK
 297	     0	80.5	155.2	 630	OK
 298	     0	80.6	152.2	 625	OK
 299	     0	77.7	148.8	 627	OK
 300	     0	78.4	149.9	 632	OK
 301	     0	77.7	148.9	 636	OK
 302	     0	80.4	150.9	 640	OK
 303	     0	82.6	155.1	 615	OK
 304	     0	81.4	152.1	 623	OK
 305	     0	79.7	153.0	 638	OK
 306	     0	80.1	150.6	 636	OK
 307	     0	78.7	149.5	 622	OK
 308	     0	78.9	149.6	 624	OK
 309	     0	79.2	149.4	 631	OK
 310	     0	77.1	146.2	 621	OK
 311	     0	80.0	151.5	 641	OK
 312	     0	78.4	147.2	 626	OK
 313	     0	79.8	155.1	 625	OK
 314	     0	81.4	153.6	 638	OK
 315	     0	79.0	150.4	 619	OK
 316	     0	79.9	150.6	 632	OK
 317	     0	78.9	149.9	 625	OK
 318	     0	80.5	153.0	 639	OK
 319	     0	80.9	154.7	 655	OK
 320	     0	79.0	152.0	 608	OK
 321	     0	80.0	154.5	 619	OK
 322	     0	78.2	148.4	 622	OK
 323	     0	77.1	148.2	 629	OK
 324	     0	75.8	144.4	 614	OK
 325	     0	76.8	145.7	 630	OK
 326	     0	79.3	151.2	 635	OK
 327	     0	78.0	147.1	 641	OK
 328	     0	79.2	149.3	 636	OK
 329	     0	77.9	148.0	 626	OK
 330	     0	78.2	147.6	 629	OK
 331	     0	77.8	148.0	 625	OK
 332	     0	79.4	150.8	 625	OK
 333	     0	79.6	153.4	 608	OK
 334	     0	77.9	146.0	 617	OK
 335	     0	77.3	146.8	 620	OK
 336	     0	79.6	150.7	 623	OK
 337	     0	79.8	149.5	 649	OK
 338	     0	78.0	146.5	 631	OK
 339	     0	78.3	149.7	 628	OK
 340	     0	77.2	147.7	 631	OK
 341	     0	77.9	149.2	 617	OK
 342	     0	79.5	151.1	 649	OK
 343	     0	80.0	150.8	 616	OK
 344	     0	78.2	145.6	 614	OK
 345	     0	80.8	151.5	 621	OK
 346	     0	78.7	149.8	 635	OK
 347	     0	78.0	148.9	 616	OK
 348	     0	78.3	148.6	 638	OK
 349	     0	77.2	146.3	 625	OK
 350	     0	78.5	146.4	 638	OK
 351	     0	77.7	148.8	 629	OK
 352	     0	77.5	148.6	 626	OK
 353	     0	79.8	150.6	 648	OK
 354	     0	77.1	145.6	 621	OK
 355	     0	78.5	149.4	 635	OK
 356	     0	77.0	146.8	 628	OK
 357	     0	77.0	146.3	 652	OK
 358	     0	77.2	148.2	 633	OK
 359	     0	78.6	147.2	 620	OK
 360	     0	79.7	151.5	 642	OK
 361	     0	77.9	145.7	 643	OK
 362	     0	76.7	145.6	 636	OK
 363	     0	79.5	149.8	 633	OK
 364	     0	77.3	147.1	 650	OK
 365	     0	77.0	145.4	 627	OK
 366	     0	80.3	150.1	 638	OK
 367	     0	78.2	148.5	 644	OK
 368	     0	78.6	149.7	 628	OK
 369	     0	79.2	149.9	 643	OK
 370	     0	79.2	151.7	 649	OK
 371	     0	79.0	148.4	 617	OK
 372	     0	77.0	146.9	 626	OK
 373	     0	78.9	148.8	 668	OK
 374	     0	78.0	147.6	 644	OK
 375	     0	79.4	150.1	 650	OK
 376	     0	77.7	147.9	 636	OK
 377	     0	76.2	144.0	 646	OK
 378	     0	76.7	145.4	 646	OK
 379	     0	77.5	146.7	 648	OK
 380	     0	79.2	148.1	 653	OK
 381	     0	77.9	146.2	 660	OK
 382	     0	76.5	145.9	 652	OK
 383	     0	77.7	148.8	 645	OK
 384	     0	79.0	151.5	 669	OK
 385	     0	75.4	144.4	 679	OK
 386	     0	75.1	145.2	 672	OK
 387	     0	77.3	146.1	 664	OK
 388	     0	76.7	146.9	 662	OK
 389	     0	77.5	150.1	 681	OK
 390	     0	77.2	149.0	 665	OK
 391	     0	78.9	151.4	 675	OK
 392	     0	77.1	147.6	 682	OK
 393	     0	78.1	149.4	 696	OK
 394	     0	76.5	147.6	 662	OK
 395	     0	75.4	144.5	 659	OK
 396	     0	75.2	143.9	 680	OK
 397	     0	77.9	149.7	 662	OK
 398	     0	80.3	152.1	 662	OK
 399	     0	76.6	148.1	 650	OK
 400	     0	78.4	148.4	 673	OK
 401	     0	76.3	146.1	 671	OK
 402	     0	75.7	145.3	 664	OK
 403	     0	74.6	143.4	 662	OK
 404	     0	76.8	145.8	 656	OK
 405	     0	76.0	146.0	 663	OK
 406	     0	77.3	147.6	 651	OK
 407	     0	74.8	142.3	 676	OK
 408	     0	76.7	148.3	 657	OK
 409	     0	73.1	141.2	 677	OK
 410	     0	75.9	146.1	 665	OK
 411	     0	78.8	152.1	 666	OK
 412	     0	75.5	144.2	 656	OK
 413	     0	76.2	145.9	 653	OK
 414	     0	77.1	147.7	 661	OK
 415	     0	75.2	145.2	 655	OK
 416	     0	75.6	145.5	 648	OK
 417	     0	77.0	146.3	 660	OK
 418	     0	77.6	148.7	 654	OK
 419	     0	75.5	145.3	 656	OK
 420	     0	75.4	143.9	 673	OK
 421	     0	75.3	143.9	 669	OK
 422	     0	76.7	145.5	 648	OK
 423	     0	76.0	146.3	 652	OK
 424	     0	76.1	145.2	 661	OK
 425	     0	75.3	143.9	 667	OK
 426	     0	74.9	143.5	 674	OK
 427	     0	76.1	146.7	 654	OK
 428	     0	76.0	146.1	 637	OK
 429	     0	75.7	146.1	 639	OK
 430	     0	73.4	139.9	 647	OK
 431	     0	75.1	142.9	 651	OK
 432	     0	73.3	141.6	 652	OK
 433	     0	74.9	143.3	 658	OK
 434	     0	76.6	148.7	 644	OK
 435	     0	76.3	145.5	 642	OK
 436	     0	74.6	144.8	 642	OK
 437	     0	74.8	143.8	 629	OK
 438	     0	76.8	147.8	 640	OK
 439	     0	77.2	149.2	 641	OK
 440	     0	76.5	145.7	 646	OK
 441	     0	76.7	146.7	 654	OK
 442	     0	76.0	146.3	 630	OK
 443	     0	74.9	143.5	 656	OK
 444	     0	76.3	144.8	 646	OK
 445	     0	73.0	142.1	 624	OK
 446	     0	75.6	143.0	 644	OK
 447	     0	76.4	146.5	 641	OK
 448	     0	74.0	143.5	 653	OK
 449	     0	74.9	143.6	 650	OK
 450	     0	72.7	139.1	 644	OK
 451	     0	74.4	143.7	 641	OK
 452	     0	73.6	141.9	 642	OK
 453	     0	73.2	140.4	 631	OK
 454	     0	73.8	143.1	 643	OK
 455	     0	75.4	144.3	 625	OK
 456	     0	74.3	141.2	 651	OK
 457	     0	75.8	146.5	 639	OK
 458	     0	73.2	142.1	 661	OK
 459	     0	74.8	143.3	 656	OK
 460	     0	74.3	142.3	 632	OK
 461	     0	74.5	142.5	 636	OK
 462	     0	75.9	146.1	 644	OK
 463	     0	72.7	138.9	 654	OK
 464	     0	74.5	140.7	 658	OK
 465	     0	75.1	143.5	 638	OK
 466	     0	73.8	142.8	 643	OK
 467	     0	73.7	142.3	 651	OK
 468	     0	74.6	143.6	 666	OK
 469	     0	74.0	140.8	 649	OK
 470	     0	74.7	141.7	 654	OK
 471	     0	75.2	144.7	 655	OK
 472	     0	74.2	143.1	 651	OK
 473	     0	74.8	143.2	 661	OK
 474	     0	75.2	144.5	 657	OK
 475	     0	73.3	140.0	 640	OK
 476	     0	76.4	146.2	 647	OK
 477	     0	75.8	146.2	 647	OK
 478	     0	72.2	138.8	 636	OK
 479	     0	73.2	139.9	 652	OK
 480	     0	75.5	143.6	 642	OK
 481	     0	72.8	138.9	 642	OK
 482	     0	74.3	142.3	 638	OK
 483	     0	74.8	144.1	 636	OK
 484	     0	73.9	140.6	 641	OK
 485	     0	76.6	148.8	 641	OK
 486	     0	73.5	142.7	 641	OK
 487	     0	73.7	142.7	 658	OK
 488	     0	73.6	141.8	 637	OK
 489	     0	73.5	142.4	 633	OK
 490	     0	75.3	144.0	 630	OK
 491	     0	74.1	143.5	 660	OK
 492	     0	73.9	140.8	 674	OK
 493	     0	74.8	141.6	 660	OK
 494	     0	74.8	142.6	 648	OK
 495	     0	74.8	144.5	 642	OK
 496	     0	77.3	145.4	 646	OK
 497	     0	74.0	140.4	 657	OK
 498	     0	73.8	141.4	 655	OK
 499	     0	73.8	140.7	 636	OK
 500	     0	73.3	140.7	 658	OK
 501	     0	75.0	142.5	 677	OK
 502	     0	74.4	141.6	 662	OK
 503	     0	73.8	142.7	 649	OK
 504	     0	73.1	139.4	 650	OK
 505	     0	72.9	139.9	 655	OK
 506	     0	76.0	145.8	 661	OK
 507	     0	74.9	143.7	 653	OK
 508	     0	74.7	142.9	 654	OK
 509	     0	74.8	143.0	 677	OK
 510	     0	74.5	143.1	 669	OK
 511	     0	74.7	142.6	 640	OK
 512	     0	76.5	145.7	 654	OK
 513	     0	78.0	149.6	 672	OK
 514	     0	75.8	146.1	 672	OK
 515	     0	77.7	148.7	 663	OK
 516	     0	78.9	148.9	 661	OK
 517	     0	78.5	149.8	 664	OK
 518	     0	77.4	149.1	 670	OK
 519	     0	79.0	150.3	 675	OK
 520	     0	78.5	149.9	 655	OK
 521	     0	78.1	147.2	 679	OK
 522	     0	75.5	144.5	 677	OK
 523	     0	77.3	148.0	 684	OK
 524	     0	77.4	147.6	 678	OK
 525	     0	78.0	146.6	 677	OK
 526	     0	78.5	150.1	 670	OK
 527	     0	77.1	145.3	 673	OK
 528	     0	75.9	143.6	 666	OK
 529	     0	76.3	145.8	 690	OK
 530	     0	78.4	148.2	 673	OK
 531	     0	77.8	147.7	 669	OK
 532	     0	77.8	149.2	 653	OK
 533	     0	75.6	144.0	 664	OK
 534	     0	76.4	144.1	 667	OK
 535	     0	74.6	143.2	 649	OK
 536	     0	77.6	148.7	 651	OK
 537	     0	77.2	148.7	 654	OK
 538	     0	77.7	148.9	 666	OK
 539	     0	78.0	150.0	 675	OK
 540	     0	76.6	146.3	 658	OK
 541	     0	76.8	144.9	 674	OK
 542	     0	78.0	146.8	 661	OK
 543	     0	75.8	145.4	 681	OK
 544	     0	79.1	151.5	 668	OK
 545	     0	77.6	147.5	 660	OK
 546	     0	76.4	146.7	 667	OK
 547	     0	76.1	145.8	 688	OK
 548	     0	76.0	145.8	 671	OK
 549	     0	79.1	151.9	 667	OK
 550	     0	78.3	148.4	 675	OK
 551	     0	76.0	147.1	 655	OK
 552	     0	76.0	145.6	 659	OK
 553	     0	77.5	146.6	 645	OK
 554	     0	78.8	148.9	 673	OK
 555	     0	76.9	146.2	 675	OK
 556	     0	75.9	144.3	 656	OK
 557	     0	80.3	151.3	 671	OK
 558	     0	76.5	144.9	 661	OK
 559	     0	76.3	143.1	 670	OK
 560	     0	79.1	149.2	 683	OK
 561	     0	76.5	144.5	 675	OK
 562	     0	79.0	150.9	 669	OK
 563	     0	76.4	145.1	 680	OK
 564	     0	77.5	146.6	 682	OK
 565	     0	74.8	143.1	 666	OK
 566	     0	76.0	144.7	 670	OK
 567	     0	75.3	145.4	 695	OK
 568	     0	78.7	150.2	 676	OK
 569	     0	76.0	145.1	 673	OK
 570	     0	80.1	153.7	 666	OK
 571	     0	76.4	144.2	 683	OK
 572	     0	75.8	144.3	 676	OK
 573	     0	77.4	148.2	 682	OK
 574	     0	78.1	147.9	 678	OK
 575	     0	79.9	150.7	 684	OK
 576	     0	78.3	148.5	 645	OK
 577	     0	76.5	147.9	 679	OK
 578	     0	74.8	143.4	 687	OK
 579	     0	77.0	147.2	 662	OK
 580	     0	76.0	144.3	 661	OK
 581	     0	76.9	145.3	 658	OK
 582	     0	79.1	149.8	 650	OK
 583	     0	76.4	146.4	 676	OK
 584	     0	75.1	144.3	 653	OK
 585	     0	76.4	146.2	 653	OK
 586	     0	76.7	145.0	 652	OK
 587	     0	75.1	143.5	 659	OK
 588	     0	74.4	142.5	 664	OK
 589	     0	75.5	143.2	 678	OK
 590	     0	76.0	146.8	 664	OK
 591	     0	77.2	145.7	 649	OK
 592	     0	77.6	147.5	 648	OK
 593	     0	76.3	146.5	 641	OK
 594	     0	77.5	148.2	 657	OK
 595	     0	75.9	144.0	 636	OK
 596	     0	76.4	145.1	 663	OK
 597	     0	80.0	151.7	 641	OK
 598	     0	78.7	148.0	 671	OK
 599	     0	76.3	144.7	 649	OK
 600	     0	77.0	145.0	 654	OK
 601	     0	79.1	150.6	 666	OK
 602	     0	79.9	148.9	 658	OK
 603	     0	77.9	147.5	 637	OK
 604	     0	75.8	145.9	 653	OK
 605	     0	77.2	149.0	 641	OK
 606	     0	76.3	145.5	 643	OK
 607	     0	76.9	146.3	 670	OK
 608	     0	76.3	145.6	 639	OK
 609	     0	76.4	147.5	 645	OK
 610	     0	78.7	149.2	 644	OK
 611	     0	76.7	145.0	 654	OK
 612	     0	76.0	145.6	 640	OK
 613	     0	75.9	145.5	 638	OK
 614	     0	78.0	149.5	 661	OK
 615	     0	75.3	143.7	 667	OK
 616	     0	75.5	142.8	 660	OK
 617	     0	74.9	142.0	 658	OK
 618	     0	78.0	147.7	 659	OK
 619	     0	76.6	144.0	 653	OK
 620	     0	74.8	143.0	 631	OK
 621	     0	76.0	144.6	 659	OK
 622	     0	75.4	142.7	 649	OK
 623	     0	75.5	146.8	 644	OK
 624	     0	76.8	146.8	 641	OK
 625	     0	78.1	149.1	 660	OK
 626	     0	78.4	149.9	 653	OK
 627	     0	76.7	145.9	 624	OK
 628	     0	77.0	145.4	 648	OK
 629	     0	78.0	146.5	 653	OK
 630	     0	73.4	140.9	 644	OK
 631	     0	77.2	146.2	 647	OK
 632	     0	78.7	149.5	 641	OK
 633	     0	78.5	149.1	 649	OK
 634	     0	75.0	142.2	 640	OK
 635	     0	79.5	149.0	 649	OK
 636	     0	77.9	148.2	 650	OK
 637	     0	76.4	146.4	 661	OK
 638	     0	77.2	147.7	 642	OK
 639	     0	76.2	144.7	 648	OK
 640	     0	79.8	148.4	 663	OK
 641	     0	80.1	151.6	 656	OK
 642	     0	83.5	156.7	 640	OK
 643	     0	79.3	149.0	 646	OK
 644	     0	77.2	147.3	 643	OK
 645	     0	80.2	154.8	 638	OK
 646	     0	80.8	154.9	 642	OK
 647	     0	80.1	152.0	 651	OK
 648	     0	80.5	153.2	 640	OK
 649	     0	80.0	152.8	 632	OK
 650	     0	82.0	157.0	 629	OK
 651	     0	80.5	151.2	 644	OK
 652	     0	79.4	151.3	 643	OK
 653	     0	79.1	150.6	 648	OK
 654	     0	80.2	150.7	 641	OK
 655	     0	79.7	152.1	 645	OK
 656	     0	79.8	150.8	 642	OK
 657	     0	79.0	149.8	 644	OK
 658	     0	81.3	154.6	 638	OK
 659	     0	80.0	150.2	 632	OK
 660	     0	79.4	151.5	 658	OK
 661	     0	80.6	153.5	 647	OK
 662	     0	79.5	149.9	 646	OK
 663	     0	81.1	155.4	 644	OK
 664	     0	79.3	153.0	 654	OK
 665	     0	80.5	154.8	 644	OK
 666	     0	78.4	150.6	 646	OK
 667	     0	79.7	149.3	 640	OK
 668	     0	80.8	154.0	 648	OK
 669	     0	78.8	148.9	 638	OK
 670	     0	81.8	155.9	 631	OK
 671	     0	81.8	155.7	 646	OK
 672	     0	80.6	151.4	 622	OK
 673	     0	79.4	151.6	 623	OK
 674	     0	81.7	152.3	 647	OK
 675	     0	78.7	149.0	 639	OK
 676	     0	79.9	153.1	 638	OK
 677	     0	77.8	150.5	 659	OK
 678	     0	81.2	154.9	 646	OK
 679	     0	80.2	153.0	 649	OK
 680	     0	79.7	152.0	 653	OK
 681	     0	81.0	155.8	 661	OK
 682	     0	79.3	152.3	 638	OK
 683	     0	80.8	154.4	 646	OK
 684	     0	76.9	145.5	 649	OK
 685	     0	79.7	150.7	 656	OK
 686	     0	76.4	145.5	 630	OK
 687	     0	79.2	152.4	 648	OK
 688	     0	80.0	152.1	 663	OK
 689	     0	80.4	152.7	 632	OK
 690	     0	79.2	150.9	 659	OK
 691	     0	80.5	154.5	 652	OK
 692	     0	79.3	151.1	 659	OK
 693	     0	80.7	153.9	 653	OK
 694	     0	81.0	154.1	 638	OK
 695	     0	79.8	150.1	 655	OK
 696	     0	78.5	151.1	 647	OK
 697	     0	80.0	151.7	 644	OK
 698	     0	80.5	154.7	 668	OK
 699	     0	81.5	154.5	 636	OK
 700	     0	78.0	148.1	 652	OK
 701	     0	81.4	153.7	 640	OK
 702	     0	81.5	155.2	 640	OK
 703	     0	78.2	148.9	 647	OK
 704	     0	80.2	152.9	 647	OK
 705	     0	80.1	153.4	 646	OK
 706	     0	79.2	152.9	 636	OK
 707	     0	80.9	152.7	 637	OK
 708	     0	78.2	150.7	 649	OK
 709	     0	81.4	155.6	 621	OK
 710	     0	80.2	153.5	 640	OK
 711	     0	80.1	152.2	 650	OK
 712	     0	80.0	152.2	 644	OK
 713	     0	80.7	152.3	 646	OK
 714	     0	78.3	147.6	 642	OK
 715	     0	80.1	153.3	 639	OK
 716	     0	80.5	153.2	 633	OK
 717	     0	81.1	153.7	 642	OK
 718	     0	78.2	148.4	 648	OK
 719	     0	81.6	153.0	 644	OK
 720	     0	80.6	151.6	 626	OK
 721	     0	81.2	152.5	 647	OK
 722	     0	80.5	153.3	 647	OK
 723	     0	81.6	155.7	 638	OK
 724	     0	79.4	151.2	 630	OK
 725	     0	80.3	153.5	 639	OK
 726	     0	79.2	150.9	 647	OK
 727	     0	80.6	153.8	 633	OK
 728	     0	80.9	152.0	 639	OK
 729	     0	80.7	154.0	 624	OK
 730	     0	77.9	148.8	 623	OK
 731	     0	81.6	153.5	 643	OK
 732	     0	79.7	152.6	 622	OK
 733	     0	79.0	149.7	 654	OK
 734	     0	80.1	152.6	 639	OK
 735	     0	79.1	149.9	 651	OK
 736	     0	78.4	151.3	 626	OK
 737	     0	80.2	152.8	 645	OK
 738	     0	79.8	153.2	 630	OK
 739	     0	80.0	150.4	 633	OK
 740	     0	80.1	152.1	 620	OK
 741	     0	79.5	153.6	 630	OK
 742	     0	80.9	153.0	 637	OK
 743	     0	79.9	151.3	 640	OK
 744	     0	79.0	151.7	 634	OK
 745	     0	83.2	157.9	 655	OK
 746	     0	79.4	153.6	 626	OK
 747	     0	80.6	151.5	 614	OK
 748	     0	81.1	153.7	 636	OK
 749	     0	80.2	152.3	 644	OK
 750	     0	80.2	152.7	 632	OK
 751	     0	81.9	156.2	 634	OK
 752	     0	78.6	151.2	 626	OK
 753	     0	80.0	151.9	 639	OK
 754	     0	81.0	154.7	 629	OK
 755	     0	81.0	153.3	 628	OK
 756	     0	80.7	151.5	 637	OK
 757	     0	79.8	153.5	 639	OK
 758	     0	80.3	151.7	 618	OK
 759	     0	78.4	148.9	 625	OK
 760	     0	80.4	153.6	 621	OK
 761	     0	80.5	154.8	 627	OK
 762	     0	81.7	153.8	 625	OK
 763	     0	79.2	149.3	 639	OK
 764	     0	80.4	153.4	 634	OK
 765	     0	79.8	154.2	 637	OK
 766	     0	81.1	152.3	 634	OK
 767	     0	79.0	150.3	 621	OK
 768	     0	79.7	151.3	 623	OK
 769	     0	78.3	147.8	 642	OK
 770	     0	78.2	147.7	 607	OK
 771	     0	78.6	147.4	 632	OK
 772	     0	79.0	150.5	 639	OK
 773	     0	76.8	146.7	 641	OK
 774	     0	77.0	146.7	 623	OK
 775	     0	79.1	149.1	 652	OK
 776	     0	78.4	147.6	 628	OK
 777	     0	77.3	146.2	 625	OK
 778	     0	77.1	145.1	 653	OK
 779	     0	77.1	146.3	 637	OK
 780	     0	76.2	146.2	 630	OK
 781	     0	78.0	149.5	 626	OK
 782	     0	79.2	146.8	 644	OK
 783	     0	79.5	149.7	 611	OK
 784	     0	78.9	147.0	 608	OK
 785	     0	79.1	150.9	 626	OK
 786	     0	78.3	148.8	 631	OK
 787	     0	78.3	149.1	 634	OK
 788	     0	76.8	146.9	 642	OK
 789	     0	77.3	148.1	 631	OK
 790	     0	76.3	144.3	 640	OK
 791	     0	78.3	147.9	 623	OK
 792	     0	76.7	147.7	 638	OK
 793	     0	74.9	141.6	 651	OK
 794	     0	79.3	150.7	 630	OK
 795	     0	77.5	149.9	 634	OK
 796	     0	78.7	150.7	 651	OK
 797	     0	76.4	146.3	 635	OK
 798	     0	76.5	145.4	 629	OK
 799	     0	74.2	142.2	 631	OK
 800	     0	78.3	149.1	 638	OK
 801	     0	77.1	147.3	 636	OK
 802	     0	77.5	148.2	 643	OK
 803	     0	78.0	147.0	 627	OK
 804	     0	76.9	147.8	 643	OK
 805	     0	77.8	146.6	 609	OK
 806	     0	78.4	148.9	 649	OK
 807	     0	75.5	143.0	 641	OK
 808	     0	75.6	144.5	 632	OK
 809	     0	75.7	143.1	 626	OK
 810	     0	77.9	149.5	 621	OK
 811	     0	77.4	146.7	 633	OK
 812	     0	76.9	145.1	 628	OK
 813	     0	77.6	145.6	 630	OK
 814	     0	73.8	139.1	 647	OK
 815	     0	77.6	145.4	 652	OK
 816	     0	75.8	144.3	 659	OK
 817	     0	78.2	147.7	 640	OK
 818	     0	77.1	143.9	 644	OK
 819	     0	78.3	147.5	 649	OK
 820	     0	77.0	146.7	 642	OK
 821	     0	75.7	143.9	 652	OK
 822	     0	77.0	146.1	 639	OK
 823	     0	79.0	151.5	 651	OK
 824	     0	77.9	147.2	 631	OK
 825	     0	76.1	146.4	 649	OK
 826	     0	78.1	145.5	 632	OK
 827	     0	77.9	148.2	 623	OK
 828	     0	77.5	149.0	 650	OK
 829	     0	77.7	145.3	 639	OK
 830	     0	79.2	149.0	 641	OK
 831	     0	78.2	147.7	 658	OK
 832	     0	80.3	150.8	 634	OK
 833	     0	78.3	148.7	 622	OK
 834	     0	78.4	148.8	 635	OK
 835	     0	77.4	147.8	 636	OK
 836	     0	78.6	148.2	 638	OK
 837	     0	77.4	144.9	 625	OK
 838	     0	76.3	143.0	 639	OK
 839	     0	77.3	147.4	 638	OK
 840	     0	74.4	143.6	 641	OK
 841	     0	75.2	143.2	 632	OK
 842	     0	75.7	143.9	 645	OK
 843	     0	81.3	153.3	 630	OK
 844	     0	77.1	145.8	 616	OK
 845	     0	78.4	148.1	 619	OK
 846	     0	75.9	142.1	 622	OK
 847	     0	76.4	144.0	 596	OK
 848	     0	76.7	145.0	 634	OK
 849	     0	77.7	146.6	 629	OK
 850	     0	78.8	148.3	 628	OK
 851	     0	76.5	146.9	 611	OK
 852	     0	76.9	146.8	 626	OK
 853	     0	76.8	147.3	 615	OK
 854	     0	78.2	147.5	 620	OK
 855	     0	78.5	148.1	 631	OK
 856	     0	78.4	148.2	 608	OK
 857	     0	78.5	148.9	 628	OK
 858	     0	76.1	147.0	 592	OK
 859	     0	76.0	145.6	 609	OK
 860	     0	77.3	147.8	 607	OK
 861	     0	77.0	145.8	 625	OK
 862	     0	75.8	145.9	 606	OK
 863	     0	79.0	148.8	 602	OK
 864	     0	81.7	153.6	 610	OK
 865	     0	75.8	147.0	 610	OK
 866	     0	78.3	148.0	 608	OK
 867	     0	75.2	141.3	 612	OK
 868	     0	77.5	146.0	 609	OK
 869	     0	77.9	149.5	 621	OK
 870	     0	78.5	148.0	 595	OK
 871	     0	75.6	142.7	 602	OK
 872	     0	77.1	147.4	 602	OK
 873	     0	78.7	150.2	 603	OK
 874	     0	78.5	149.2	 601	OK
 875	     0	75.8	144.4	 611	OK
 876	     0	76.1	145.1	 603	OK
 877	     0	77.5	146.4	 595	OK
 878	     0	80.5	154.0	 593	OK
 879	     0	76.6	143.7	 605	OK
 880	     0	78.2	147.1	 603	OK
 881	     0	77.6	149.2	 604	OK
 882	     0	79.0	150.8	 615	OK
 883	     0	79.1	150.4	 608	OK
 884	     0	77.5	148.3	 599	OK
 885	     0	76.5	145.7	 610	OK
 886	     0	78.6	150.4	 600	OK
 887	     0	78.4	149.4	 590	OK
 888	     0	79.6	153.1	 596	OK
 889	     0	76.5	146.1	 593	OK
 890	     0	77.3	145.5	 603	OK
 891	     0	78.2	151.1	 598	OK
 892	     0	78.9	150.3	 607	OK
 893	     0	80.2	150.3	 604	OK
 894	     0	79.4	151.8	 607	OK
 895	     0	75.8	145.1	 605	OK
 896	     0	77.6	147.3	 629	OK
 897	     0	79.3	152.9	 609	OK
 898	     0	79.0	151.5	 619	OK
 899	     0	81.1	152.9	 629	OK
 900	     0	81.5	154.6	 623	OK
 901	     0	76.4	146.1	 630	OK
 902	     0	79.4	151.5	 642	OK
 903	     0	77.1	149.1	 625	OK
 904	     0	76.8	145.0	 620	OK
 905	     0	80.1	152.2	 636	OK
 906	     0	80.3	154.6	 619	OK
 907	     0	78.4	149.0	 628	OK
 908	     0	80.5	153.4	 642	OK
 909	     0	77.9	147.2	 640	OK
 910	     0	78.7	148.5	 613	OK
 911	     0	76.8	145.3	 645	OK
 912	     0	75.3	144.3	 625	OK
 913	     0	78.0	147.3	 638	OK
 914	     0	76.1	144.8	 633	OK
 915	     0	78.1	149.7	 622	OK
 916	     0	79.4	152.1	 622	OK
 917	     0	78.5	149.3	 631	OK
 918	     0	78.1	149.1	 635	OK
 919	     0	78.8	151.0	 628	OK
 920	     0	77.6	147.7	 630	OK
 921	     0	77.7	147.9	 641	OK
 922	     0	76.7	146.3	 632	OK
 923	     0	77.4	147.2	 643	OK
 924	     0	78.4	148.0	 631	OK
 925	     0	78.8	149.2	 634	OK
 926	     0	78.5	150.1	 640	OK
 927	     0	78.2	150.0	 662	OK
 928	     0	78.9	152.8	 630	OK
 929	     0	78.0	147.6	 620	OK
 930	     0	75.9	144.7	 625	OK
 931	     0	78.3	148.1	 631	OK
 932	     0	77.2	147.2	 644	OK
 933	     0	79.7	151.4	 625	OK
 934	     0	80.5	152.5	 630	OK
 935	     0	75.7	143.4	 632	OK
 936	     0	77.4	146.8	 631	OK
 937	     0	78.5	149.6	 644	OK
 938	     0	74.5	144.3	 648	OK
 939	     0	77.7	151.7	 636	OK
 940	     0	79.6	150.6	 637	OK
 941	     0	76.9	148.8	 626	OK
 942	     0	79.0	150.6	 650	OK
 943	     0	79.9	152.7	 643	OK
 944	     0	79.5	153.2	 634	OK
 945	     0	78.0	147.7	 667	OK
 946	     0	76.1	145.5	 651	OK
 947	     0	77.9	146.9	 650	OK
 948	     0	79.3	152.3	 637	OK
 949	     0	77.7	148.4	 637	OK
 950	     0	79.8	153.3	 637	OK
 951	     0	79.4	150.8	 645	OK
 952	     0	76.6	146.4	 661	OK
 953	     0	76.3	146.7	 649	OK
 954	     0	79.3	152.0	 637	OK
 955	     0	77.8	150.1	 644	OK
 956	     0	77.7	146.7	 658	OK
 957	     0	76.7	145.3	 660	OK
 958	     0	76.8	147.0	 630	OK
 959	     0	76.2	146.3	 651	OK
 960	     0	75.3	144.7	 647	OK
 961	     0	78.8	152.7	 627	OK
 962	     0	77.1	146.7	 635	OK
 963	     0	74.9	144.0	 636	OK
 964	     0	77.0	146.7	 627	OK
 965	     0	78.5	149.7	 633	OK
 966	     0	76.6	145.9	 638	OK
 967	     0	75.9	146.5	 639	OK
 968	     0	76.6	145.3	 635	OK
 969	     0	77.1	147.4	 644	OK
 970	     0	79.8	151.6	 626	OK
 971	     0	78.5	148.7	 645	OK
 972	     0	75.9	146.1	 643	OK
 973	     0	76.0	148.6	 659	OK
 974	     0	76.9	146.4	 645	OK
 975	     0	81.6	156.6	 641	OK
 976	     0	77.8	146.4	 640	OK
 977	     0	79.2	150.5	 664	OK
 978	     0	79.7	151.5	 617	OK
 979	     0	77.7	147.8	 637	OK
 980	     0	75.4	144.5	 635	OK
 981	     0	77.9	147.3	 637	OK
 982	     0	78.3	149.1	 636	OK
 983	     0	78.7	152.2	 649	OK
 984	     0	78.4	149.3	 617	OK
 985	     0	77.1	148.2	 637	OK
 986	     0	78.8	148.7	 648	OK
 987	     0	76.7	146.4	 638	OK
 988	     0	80.4	152.2	 656	OK
 989	     0	77.1	149.1	 628	OK
 990	     0	78.5	148.5	 636	OK
 991	     0	77.5	148.4	 658	OK
 992	     0	77.6	147.8	 649	OK
 993	     0	79.0	149.4	 639	OK
 994	     0	79.1	151.6	 638	OK
 995	     0	76.4	146.6	 649	OK
 996	     0	80.1	150.5	 630	OK
 997	     0	75.7	143.4	 637	OK
 998	     0	78.3	150.3	 634	OK
 999	     0	76.2	145.3	 645	OK
1000	     0	76.6	145.9	 639	OK
1001	     0	75.8	145.2	 627	OK
1002	     0	77.3	147.5	 633	OK
1003	     0	74.4	143.7	 641	OK
1004	     0	80.2	152.4	 622	OK
1005	     0	77.3	148.2	 625	OK
1006	     0	78.6	148.1	 631	OK
1007	     0	77.6	150.0	 632	OK
1008	     0	77.6	147.6	 637	OK
1009	     0	76.8	147.4	 627	OK
1010	     0	78.5	149.2	 633	OK
1011	     0	77.4	147.8	 643	OK
1012	     0	78.7	150.9	 634	OK
1013	     0	76.7	145.8	 655	OK
1014	     0	78.6	148.6	 634	OK
1015	     0	79.5	150.5	 642	OK
1016	     0	78.3	149.0	 615	OK
1017	     0	77.9	149.2	 618	OK
1018	     0	78.9	148.9	 642	OK
1019	     0	81.2	154.1	 650	OK
1020	     0	77.7	148.4	 633	OK
1021	     0	78.4	150.0	 630	OK
1022	     0	79.2	149.2	 629	OK
1023	     0	78.2	152.0	 630	OK
1024	     0	74.8	145.1	 627	OK
1025	     0	76.2	144.7	 639	OK
1026	     0	76.5	145.3	 644	OK
1027	     0	76.3	146.9	 652	OK
1028	     0	77.1	147.1	 644	OK
1029	     0	75.6	146.5	 629	OK
1030	     0	77.2	147.4	 646	OK
1031	     0	78.7	148.7	 629	OK
1032	     0	77.3	148.0	 630	OK
1033	     0	76.0	145.3	 649	OK
1034	     0	76.1	144.4	 641	OK
1035	     0	78.0	147.0	 621	OK
1036	     0	77.2	147.9	 626	OK
1037	     0	76.7	148.4	 633	OK
1038	     0	78.3	149.3	 621	OK
1039	     0	78.7	150.3	 645	OK
1040	     0	77.5	148.1	 631	OK
1041	     0	75.8	145.9	 625	OK
1042	     0	75.9	143.0	 637	OK
1043	     0	77.1	147.7	 633	OK
1044	     0	75.0	143.9	 634	OK
1045	     0	73.5	141.7	 634	OK
1046	     0	74.2	143.9	 639	OK
1047	     0	74.6	144.5	 633	OK
1048	     0	77.2	147.3	 638	OK
1049	     0	78.7	150.7	 609	OK
1050	     0	76.6	145.4	 627	OK
1051	     0	75.8	147.0	 639	OK
1052	     0	75.2	143.8	 636	OK
1053	     0	77.5	149.2	 624	OK
1054	     0	76.7	147.2	 619	OK
1055	     0	75.8	145.4	 632	OK
1056	     0	77.1	147.4	 631	OK
1057	     0	78.6	149.1	 619	OK
1058	     0	73.8	142.3	 632	OK
1059	     0	75.5	142.8	 620	OK
1060	     0	74.8	141.8	 629	OK
1061	     0	75.7	144.6	 617	OK
1062	     0	76.8	147.0	 617	OK
1063	     0	77.5	147.2	 610	OK
1064	     0	77.1	145.8	 628	OK
1065	     0	78.7	149.3	 624	OK
1066	     0	77.7	150.6	 598	OK
1067	     0	77.4	149.0	 622	OK
1068	     0	77.8	149.4	 623	OK
1069	     0	75.9	146.3	 629	OK
1070	     0	79.4	152.6	 626	OK
1071	     0	76.5	145.6	 602	OK
1072	     0	77.5	148.4	 614	OK
1073	     0	76.7	147.1	 617	OK
1074	     0	75.8	146.1	 614	OK
1075	     0	75.3	143.8	 605	OK
1076	     0	76.9	147.9	 625	OK
1077	     0	75.3	142.4	 617	OK
1078	     0	75.6	144.0	 615	OK
1079	     0	76.6	148.5	 606	OK
1080	     0	76.6	144.9	 622	OK
1081	     0	77.1	148.6	 624	OK
1082	     0	76.6	146.9	 610	OK
1083	     0	76.8	145.4	 618	OK
1084	     0	78.2	149.3	 610	OK
1085	     0	77.1	148.2	 616	OK
1086	     0	77.7	147.0	 594	OK
1087	     0	76.4	148.5	 628	OK
1088	     0	78.7	149.7	 613	OK
1089	     0	78.2	149.7	 611	OK
1090	     0	77.2	149.2	 597	OK
1091	     0	75.6	145.5	 594	OK
1092	     0	77.3	147.2	 631	OK
1093	     0	78.0	148.4	 616	OK
1094	     0	76.8	146.5	 612	OK
1095	     0	78.9	150.5	 617	OK
1096	     0	74.5	144.3	 637	OK
1097	     0	77.3	146.4	 610	OK
1098	     0	76.6	149.4	 609	OK
1099	     0	78.3	151.6	 613	OK
1100	     0	78.4	149.2	 627	OK
1101	     0	78.9	150.8	 609	OK
1102	     0	77.1	146.7	 621	OK
1103	     0	78.1	150.7	 619	OK
1104	     0	77.7	148.3	 608	OK
1105	     0	78.3	148.5	 619	OK
1106	     0	78.5	147.8	 620	OK
1107	     0	77.7	150.7	 600	OK
1108	     0	75.7	145.3	 632	OK
1109	     0	74.9	145.5	 616	OK
1110	     0	78.4	151.0	 632	OK
1111	     0	77.7	148.9	 632	OK
1112	     0	76.1	146.1	 622	OK
1113	     0	77.4	147.6	 624	OK
1114	     0	78.8	151.5	 612	OK
1115	     0	79.0	150.9	 626	OK
1116	     0	78.9	151.6	 631	OK
1117	     0	78.2	151.1	 621	OK
1118	     0	78.1	149.6	 635	OK
1119	     0	77.8	151.4	 624	OK
1120	     0	76.1	146.4	 615	OK
1121	     0	75.7	144.1	 620	OK
1122	     0	77.5	150.2	 624	OK
1123	     0	76.8	148.4	 635	OK
1124	     0	76.7	147.7	 639	OK
1125	     0	77.8	149.3	 630	OK
1126	     0	76.3	146.7	 622	OK
1127	     0	79.5	152.5	 627	OK
1128	     0	78.3	148.8	 641	OK
1129	     0	74.8	144.3	 622	OK
1130	     0	78.2	149.9	 628	OK
1131	     0	77.7	149.2	 633	OK
1132	     0	78.4	147.6	 624	OK
1133	     0	78.1	149.9	 628	OK
1134	     0	76.9	147.8	 649	OK
1135	     0	78.9	149.7	 620	OK
1136	     0	75.6	146.2	 629	OK
1137	     0	75.9	145.8	 625	OK
1138	     0	79.7	151.2	 595	OK
1139	     0	81.2	155.8	 611	OK
1140	     0	77.2	149.6	 645	OK
1141	     0	78.0	148.0	 617	OK
1142	     0	77.9	147.1	 639	OK
1143	     0	79.4	150.1	 633	OK
1144	     0	78.3	149.1	 623	OK
1145	     0	76.9	146.7	 639	OK
1146	     0	77.4	147.1	 622	OK
1147	     0	76.9	148.9	 626	OK
1148	     0	76.9	147.5	 605	OK
1149	     0	77.7	148.3	 634	OK
1150	     0	78.6	148.7	 640	OK
1151	     0	77.6	147.4	 632	OK
1152	     0	70.1	132.8	 652	OK
1153	     0	69.3	132.4	 637	OK
1154	     0	74.0	140.5	 657	OK
1155	     0	70.8	136.4	 651	OK
1156	     0	71.7	137.5	 658	OK
1157	     0	73.3	138.4	 662	OK
1158	     0	70.3	135.6	 648	OK
1159	     0	71.8	138.2	 651	OK
1160	     0	69.3	133.1	 648	OK
1161	     0	70.2	134.1	 665	OK
1162	     0	73.5	140.8	 643	OK
1163	     0	71.2	136.4	 644	OK
1164	     0	73.0	138.4	 658	OK
1165	     0	70.9	136.8	 652	OK
1166	     0	73.0	139.5	 642	OK
1167	     0	70.8	137.6	 655	OK
1168	     0	73.1	139.4	 634	OK
1169	     0	71.7	137.7	 649	OK
1170	     0	71.4	138.6	 636	OK
1171	     0	69.5	133.4	 659	OK
1172	     0	74.2	140.8	 649	OK
1173	     0	70.2	133.9	 639	OK
1174	     0	72.4	139.9	 655	OK
1175	     0	72.4	137.9	 656	OK
1176	     0	71.4	138.4	 641	OK
1177	     0	70.6	135.7	 657	OK
1178	     0	71.8	139.1	 640	OK
1179	     0	70.4	134.2	 640	OK
1180	     0	71.1	135.5	 651	OK
1181	     0	72.2	139.4	 656	OK
1182	     0	73.0	140.2	 657	OK
1183	     0	72.8	139.4	 648	OK
1184	     0	72.3	139.5	 659	OK
1185	     0	71.8	137.7	 678	OK
1186	     0	72.6	137.4	 643	OK
1187	     0	73.9	140.2	 652	OK
1188	     0	70.0	133.5	 653	OK
1189	     0	73.2	138.9	 666	OK
1190	     0	70.9	136.8	 657	OK
1191	     0	71.6	138.9	 654	OK
1192	     0	71.8	138.0	 661	OK
1193	     0	71.6	138.5	 652	OK
1194	     0	71.6	135.9	 643	OK
1195	     0	72.3	138.7	 655	OK
1196	     0	70.4	134.3	 654	OK
1197	     0	69.2	135.5	 650	OK
1198	     0	73.2	137.6	 659	OK
1199	     0	71.7	137.3	 653	OK
1200	     0	72.6	139.3	 666	OK
1201	     0	72.9	140.0	 663	OK
1202	     0	73.0	140.3	 644	OK
1203	     0	70.0	133.5	 639	OK
1204	     0	71.9	137.4	 646	OK
1205	     0	71.1	135.8	 647	OK
1206	     0	70.9	136.7	 652	OK
1207	     0	71.6	135.9	 655	OK
1208	     0	71.8	139.4	 645	OK
1209	     0	72.2	137.3	 654	OK
1210	     0	71.4	138.2	 636	OK
1211	     0	73.0	140.2	 646	OK
1212	     0	72.5	139.0	 641	OK
1213	     0	72.9	138.9	 670	OK
1214	     0	72.0	136.7	 644	OK
1215	     0	70.9	137.8	 660	OK
1216	     0	72.2	138.3	 644	OK
1217	     0	74.1	142.3	 650	OK
1218	     0	72.8	138.0	 659	OK
1219	     0	72.9	140.5	 647	OK
1220	     0	73.0	141.7	 667	OK
1221	     0	71.2	136.4	 642	OK
1222	     0	73.8	139.6	 640	OK
1223	     0	71.3	138.6	 648	OK
1224	     0	71.8	139.4	 650	OK
1225	     0	71.8	137.2	 640	OK
1226	     0	73.5	139.9	 645	OK
1227	     0	71.5	137.4	 651	OK
1228	     0	72.4	139.6	 650	OK
1229	     0	74.9	142.1	 642	OK
1230	     0	71.4	136.1	 645	OK
1231	     0	70.6	138.0	 636	OK
1232	     0	74.1	142.6	 637	OK
1233	     0	73.5	139.8	 637	OK
1234	     0	71.5	137.1	 629	OK
1235	     0	72.6	137.6	 646	OK
1236	     0	72.8	139.5	 626	OK
1237	     0	71.6	138.1	 639	OK
1238	     0	74.8	141.9	 649	OK
1239	     0	74.7	143.1	 643	OK
1240	     0	72.2	139.0	 646	OK
1241	     0	70.2	135.6	 657	OK
1242	     0	72.4	137.7	 645	OK
1243	     0	73.1	140.2	 649	OK
1244	     0	74.1	142.4	 635	OK
1245	     0	73.9	140.8	 646	OK
1246	     0	75.4	144.1	 633	OK
1247	     0	74.1	142.8	 652	OK
1248	     0	73.4	139.7	 629	OK
1249	     0	73.5	141.2	 650	OK
1250	     0	74.0	141.8	 652	OK
1251	     0	74.5	144.4	 637	OK
1252	     0	74.8	143.9	 645	OK
1253	     0	74.5	143.3	 642	OK
1254	     0	73.2	140.0	 641	OK
1255	     0	74.9	145.1	 632	OK
1256	     0	72.4	139.4	 644	OK
1257	     0	74.7	142.7	 638	OK
1258	     0	74.8	143.2	 627	OK
1259	     0	73.1	138.7	 632	OK
1260	     0	73.2	141.4	 624	OK
1261	     0	74.4	143.1	 627	OK
1262	     0	75.8	144.4	 623	OK
1263	     0	72.4	140.1	 649	OK
1264	     0	72.6	140.9	 616	OK
1265	     0	72.3	138.3	 613	OK
1266	     0	73.7	143.4	 595	OK
1267	     0	73.1	139.1	 608	OK
1268	     0	73.0	138.9	 607	OK
1269	     0	73.9	141.8	 589	OK
1270	     0	73.4	142.8	 601	OK
1271	     0	72.4	138.4	 580	OK
1272	     0	70.5	136.0	 571	OK
1273	     0	72.3	139.8	 586	OK
1274	     0	73.0	141.8	 591	OK
1275	     0	75.1	144.0	 568	OK
1276	     0	73.8	142.7	 584	OK
1277	     0	72.9	141.7	 560	OK
1278	     0	71.8	139.0	 565	OK
1279	     0	77.1	147.4	 568	OK
1280	     0	80.1	148.6	 612	OK
1281	     0	78.6	148.9	 615	OK
1282	     0	76.2	145.8	 610	OK
1283	     0	75.7	142.8	 597	OK
1284	     0	77.0	146.3	 600	OK
1285	     0	74.3	138.6	 610	OK
1286	     0	78.7	147.5	 602	OK
1287	     0	79.0	146.8	 591	OK
1288	     0	80.6	150.9	 591	OK
1289	     0	77.0	143.7	 600	OK
1290	     0	74.0	140.0	 620	OK
1291	     0	76.5	146.7	 584	OK
1292	     0	76.1	144.6	 598	OK
1293	     0	78.7	149.4	 596	OK
1294	     0	75.3	143.1	 610	OK
1295	     0	77.2	143.7	 603	OK
1296	     0	75.5	140.4	 590	OK
1297	     0	74.3	140.9	 610	OK
1298	     0	76.5	142.7	 623	OK
1299	     0	75.2	142.4	 618	OK
1300	     0	76.3	143.4	 603	OK
1301	     0	75.1	142.1	 609	OK
1302	     0	76.1	142.6	 625	OK
1303	     0	75.7	142.9	 615	OK
1304	     0	75.1	142.2	 603	OK
1305	     0	78.2	147.4	 599	OK
1306	     0	74.8	142.4	 614	OK
1307	     0	78.1	147.3	 595	OK
1308	     0	77.3	148.1	 609	OK
1309	     0	78.3	146.6	 595	OK
1310	     0	75.1	140.6	 611	OK
1311	     0	77.3	145.8	 590	OK
1312	     0	74.7	141.9	 603	OK
1313	     0	77.2	146.2	 595	OK
1314	     0	76.0	145.0	 620	OK
1315	     0	78.1	146.1	 603	OK
1316	     0	76.2	146.0	 608	OK
1317	     0	76.8	146.5	 604	OK
1318	     0	75.4	141.9	 621	OK
1319	     0	76.5	144.9	 610	OK
1320	     0	76.9	146.4	 617	OK
1321	     0	77.7	147.9	 604	OK
1322	     0	76.3	145.2	 601	OK
1323	     0	76.1	143.1	 603	OK
1324	     0	75.7	144.9	 613	OK
1325	     0	77.5	146.3	 606	OK
1326	     0	78.0	148.6	 600	OK
1327	     0	75.4	141.2	 609	OK
1328	     0	75.3	144.5	 607	OK
1329	     0	77.2	145.1	 609	OK
1330	     0	76.7	144.4	 613	OK
1331	     0	74.6	141.6	 618	OK
1332	     0	75.2	141.8	 612	OK
1333	     0	77.7	144.5	 626	OK
1334	     0	76.6	144.2	 630	OK
1335	     0	78.0	148.1	 604	OK
1336	     0	77.8	145.9	 608	OK
1337	     0	77.6	147.4	 621	OK
1338	     0	78.7	149.9	 620	OK
1339	     0	77.9	145.6	 609	OK
1340	     0	78.2	147.1	 623	OK
1341	     0	77.6	146.5	 599	OK
1342	     0	80.1	149.0	 630	OK
1343	     0	78.9	150.2	 600	OK
1344	     0	74.4	142.6	 615	OK
1345	     0	77.6	146.4	 621	OK
1346	     0	76.7	147.1	 613	OK
1347	     0	78.7	148.7	 615	OK
1348	     0	76.5	146.3	 633	OK
1349	     0	75.7	144.0	 610	OK
1350	     0	77.5	146.5	 614	OK
1351	     0	76.9	143.5	 614	OK
1352	     0	76.7	145.8	 618	OK
1353	     0	76.2	142.7	 612	OK
1354	     0	74.1	140.2	 587	OK
1355	     0	77.8	146.8	 602	OK
1356	     0	77.7	147.2	 606	OK
1357	     0	77.6	148.6	 587	OK
1358	     0	76.8	144.6	 616	OK
1359	     0	75.1	141.5	 585	OK
1360	     0	76.1	145.4	 632	OK
1361	     0	76.8	147.0	 628	OK
1362	     0	78.7	148.9	 609	OK
1363	     0	79.1	149.4	 610	OK
1364	     0	75.9	143.4	 621	OK
1365	     0	77.7	145.6	 595	OK
1366	     0	76.8	144.7	 611	OK
1367	     0	76.6	146.5	 609	OK
1368	     0	76.3	144.4	 601	OK
1369	     0	74.3	140.3	 609	OK
1370	     0	76.7	144.5	 611	OK
1371	     0	73.9	140.6	 603	OK
1372	     0	74.5	142.0	 617	OK
1373	     0	77.7	147.5	 587	OK
1374	     0	75.3	141.6	 593	OK
1375	     0	78.2	148.1	 587	OK
1376	     0	74.0	139.6	 617	OK
1377	     0	76.4	145.9	 598	OK
1378	     0	78.2	149.0	 606	OK
1379	     0	75.8	142.1	 614	OK
1380	     0	76.3	142.8	 613	OK
1381	     0	75.0	141.3	 587	OK
1382	     0	76.8	144.3	 609	OK
1383	     0	77.1	143.8	 597	OK
1384	     0	76.5	144.3	 591	OK
1385	     0	76.3	145.9	 605	OK
1386	     0	76.3	142.8	 590	OK
1387	     0	75.8	143.1	 603	OK
1388	     0	78.3	147.3	 602	OK
1389	     0	77.0	145.2	 586	OK
1390	     0	79.0	148.5	 602	OK
1391	     0	77.3	145.8	 593	OK
1392	     0	78.2	147.2	 609	OK
1393	     0	77.5	146.6	 610	OK
1394	     0	75.7	144.2	 619	OK
1395	     0	77.0	144.8	 601	OK
1396	     0	75.4	141.2	 592	OK
1397	     0	77.5	145.2	 593	OK
1398	     0	76.3	142.8	 618	OK
1399	     0	76.7	143.6	 615	OK
1400	     0	77.7	144.4	 600	OK
1401	     0	75.3	141.5	 609	OK
1402	     0	78.7	149.4	 594	OK
1403	     0	77.2	144.4	 607	OK
1404	     0	78.3	147.3	 597	OK
1405	     0	77.4	144.8	 618	OK
1406	     0	77.7	145.9	 602	OK
1407	     0	78.8	146.6	 617	OK
1408	     0	74.5	140.8	 619	OK
1409	     0	73.1	139.5	 615	OK
1410	     0	74.2	140.5	 630	OK
1411	     0	73.3	140.9	 611	OK
1412	     0	72.3	137.8	 645	OK
1413	     0	72.0	136.2	 601	OK
1414	     0	71.5	136.4	 607	OK
1415	     0	72.2	138.3	 602	OK
1416	     0	74.0	138.6	 603	OK
1417	     0	70.4	135.8	 608	OK
1418	     0	69.8	133.2	 606	OK
1419	     0	72.2	138.3	 630	OK
1420	     0	69.9	133.6	 622	OK
1421	     0	71.0	135.8	 603	OK
1422	     0	73.6	140.4	 619	OK
1423	     0	70.3	135.3	 607	OK
1424	     0	71.8	135.4	 613	OK
1425	     0	70.3	133.3	 613	OK
1426	     0	72.0	137.6	 617	OK
1427	     0	71.5	136.4	 621	OK
1428	     0	71.3	135.6	 600	OK
1429	     0	67.7	131.4	 620	OK
1430	     0	70.2	133.6	 627	OK
1431	     0	70.5	135.2	 617	OK
1432	     0	75.4	142.0	 610	OK
1433	     0	70.4	134.6	 633	OK
1434	     0	70.8	136.1	 615	OK
1435	     0	72.8	138.3	 618	OK
1436	     0	69.7	131.4	 607	OK
1437	     0	70.4	136.7	 609	OK
1438	     0	69.8	133.4	 616	OK
1439	     0	67.7	131.6	 602	OK
1440	     0	69.0	132.2	 645	OK
1441	     0	71.9	136.5	 607	OK
1442	     0	71.4	136.2	 620	OK
1443	     0	72.6	139.7	 605	OK
1444	     0	70.7	135.3	 632	OK
1445	     0	68.0	131.7	 617	OK
1446	     0	68.9	134.3	 632	OK
1447	     0	70.7	136.1	 624	OK
1448	     0	73.1	137.8	 625	OK
1449	     0	72.2	139.0	 631	OK
1450	     0	67.9	131.6	 629	OK
1451	     0	70.4	134.8	 638	OK
1452	     0	73.9	141.5	 616	OK
1453	     0	68.5	131.6	 621	OK
1454	     0	73.4	139.9	 621	OK
1455	     0	72.3	138.2	 614	OK
1456	     0	70.7	136.9	 634	OK
1457	     0	70.8	136.2	 636	OK
1458	     0	72.2	138.6	 642	OK
1459	     0	72.3	137.0	 609	OK
1460	     0	70.5	135.9	 619	OK
1461	     0	71.8	139.0	 621	OK
1462	     0	71.5	136.0	 636	OK
1463	     0	70.7	135.6	 631	OK
1464	     0	71.7	139.0	 630	OK
1465	     0	74.1	139.6	 615	OK
1466	     0	73.7	142.0	 622	OK
1467	     0	71.1	136.6	 622	OK
1468	     0	70.3	136.0	 638	OK
1469	     0	74.3	141.6	 644	OK
1470	     0	76.2	145.4	 642	OK
1471	     0	72.0	139.1	 629	OK
1472	     0	71.6	138.2	 616	OK
1473	     0	72.2	136.8	 649	OK
1474	     0	70.9	135.8	 647	OK
1475	     0	70.7	136.1	 623	OK
1476	     0	70.3	134.4	 641	OK
1477	     0	71.5	137.0	 638	OK
1478	     0	70.3	133.7	 633	OK
1479	     0	71.0	135.8	 621	OK
1480	     0	70.4	135.1	 618	OK
1481	     0	67.4	131.9	 617	OK
1482	     0	70.4	136.3	 620	OK
1483	     0	69.3	134.0	 619	OK
1484	     0	70.4	135.2	 620	OK
1485	     0	70.9	137.9	 624	OK
1486	     0	68.9	132.7	 617	OK
1487	     0	71.9	138.3	 609	OK
1488	     0	69.8	133.6	 628	OK
1489	     0	70.4	137.3	 624	OK
1490	     0	70.3	133.6	 631	OK
1491	     0	72.0	137.5	 604	OK
1492	     0	69.3	134.1	 623	OK
1493	     0	71.7	139.0	 647	OK
1494	     0	69.9	133.8	 611	OK
1495	     0	66.0	128.7	 613	OK
1496	     0	69.7	134.4	 635	OK
1497	     0	69.6	134.2	 632	OK
1498	     0	68.7	133.4	 628	OK
1499	     0	69.8	133.9	 622	OK
1500	     0	67.4	130.6	 615	OK
1501	     0	70.1	134.8	 627	OK
1502	     0	68.6	132.8	 615	OK
1503	     0	67.9	132.7	 629	OK
1504	     0	70.4	134.0	 629	OK
1505	     0	69.1	132.6	 623	OK
1506	     0	69.4	134.4	 612	OK
1507	     0	69.1	133.1	 604	OK
1508	     0	70.3	134.4	 623	OK
1509	     0	69.1	133.3	 615	OK
1510	     0	69.3	133.6	 631	OK
1511	     0	71.0	135.7	 633	OK
1512	     0	70.0	134.0	 628	OK
1513	     0	69.0	132.6	 633	OK
1514	     0	69.9	134.4	 610	OK
1515	     0	67.8	130.1	 608	OK
1516	     0	70.8	135.5	 638	OK
1517	     0	68.0	131.5	 595	OK
1518	     0	70.7	137.5	 620	OK
1519	     0	71.5	138.0	 617	OK
1520	     0	70.7	136.3	 613	OK
1521	     0	73.3	140.2	 634	OK
1522	     0	71.4	134.8	 614	OK
1523	     0	70.9	135.8	 630	OK
1524	     0	72.9	139.4	 626	OK
1525	     0	70.0	135.8	 629	OK
1526	     0	70.1	133.3	 627	OK
1527	     0	71.4	138.2	 613	OK
1528	     0	70.7	135.9	 628	OK
1529	     0	71.9	136.5	 602	OK
1530	     0	72.8	140.6	 601	OK
1531	     0	72.2	137.1	 610	OK
1532	     0	73.7	140.6	 627	OK
1533	     0	71.3	137.1	 610	OK
1534	     0	71.5	136.8	 630	OK
1535	     0	74.2	142.1	 625	OK
1536	     0	81.8	155.3	 577	OK
1537	     0	80.4	151.6	 559	OK
1538	     0	80.3	152.1	 563	OK
1539	     0	81.5	155.1	 550	OK
1540	     0	80.2	153.7	 563	OK
1541	     0	79.4	151.2	 547	OK
1542	     0	80.1	151.6	 546	OK
1543	     0	79.9	153.1	 561	OK
1544	     0	82.1	156.6	 566	OK
1545	     0	82.5	157.9	 564	OK
1546	     0	81.1	152.5	 556	OK
1547	     0	79.9	151.5	 553	OK
1548	     0	81.9	154.8	 567	OK
1549	     0	80.9	156.1	 555	OK
1550	     0	81.0	154.0	 559	OK
1551	     0	80.7	154.8	 543	OK
1552	     0	78.7	152.3	 548	OK
1553	     0	79.5	151.1	 555	OK
1554	     0	81.5	156.8	 567	OK
1555	     0	81.1	154.3	 547	OK
1556	     0	79.3	151.8	 542	OK
1557	     0	78.6	151.1	 548	OK
1558	     0	81.5	154.5	 580	OK
1559	     0	80.0	152.0	 572	OK
1560	     0	80.4	154.2	 561	OK
1561	     0	80.7	153.3	 557	OK
1562	     0	79.6	152.6	 564	OK
1563	     0	81.5	154.0	 545	OK
1564	     0	79.7	149.2	 554	OK
1565	     0	78.0	149.4	 570	OK
1566	     0	80.1	152.4	 563	OK
1567	     0	81.9	154.1	 563	OK
1568	     0	78.0	149.3	 559	OK
1569	     0	78.6	151.6	 555	OK
1570	     0	78.7	151.9	 563	OK
1571	     0	81.2	152.2	 581	OK
1572	     0	83.3	160.2	 565	OK
1573	     0	82.4	156.8	 560	OK
1574	     0	79.4	150.4	 560	OK
1575	     0	79.9	152.5	 561	OK
1576	     0	80.8	152.9	 576	OK
1577	     0	81.5	153.8	 576	OK
1578	     0	79.6	151.0	 567	OK
1579	     0	79.4	150.7	 573	OK
1580	     0	79.9	153.7	 557	OK
1581	     0	76.5	146.5	 554	OK
1582	     0	79.4	152.1	 572	OK
1583	     0	79.9	152.0	 554	OK
1584	     0	80.2	152.5	 569	OK
1585	     0	78.6	147.8	 556	OK
1586	     0	78.0	149.6	 567	OK
1587	     0	78.6	150.5	 562	OK
1588	     0	78.5	148.8	 554	OK
1589	     0	79.6	151.5	 579	OK
1590	     0	79.8	150.5	 584	OK
1591	     0	79.5	152.2	 580	OK
1592	     0	79.6	153.1	 576	OK
1593	     0	80.0	151.5	 559	OK
1594	     0	77.6	148.8	 562	OK
1595	     0	77.9	149.0	 585	OK
1596	     0	79.8	152.5	 567	OK
1597	     0	80.9	152.8	 556	OK
1598	     0	80.7	153.5	 551	OK
1599	     0	82.2	155.7	 548	OK
1600	     0	78.3	149.5	 573	OK
1601	     0	76.8	149.0	 551	OK
1602	     0	75.4	144.4	 557	OK
1603	     0	77.2	147.8	 560	OK
1604	     0	76.6	149.1	 551	OK
1605	     0	76.4	147.7	 564	OK
1606	     0	74.5	144.5	 554	OK
1607	     0	77.9	147.5	 555	OK
1608	     0	78.6	151.7	 568	OK
1609	     0	80.0	152.5	 556	OK
1610	     0	78.2	148.4	 565	OK
1611	     0	76.4	143.8	 586	OK
1612	     0	76.8	145.3	 580	OK
1613	     0	78.3	150.1	 547	OK
1614	     0	78.3	150.3	 564	OK
1615	     0	77.0	147.0	 563	OK
1616	     0	78.4	149.9	 564	OK
1617	     0	78.4	150.1	 564	OK
1618	     0	79.5	148.5	 578	OK
1619	     0	77.5	147.1	 574	OK
1620	     0	78.8	150.3	 549	OK
1621	     0	78.6	148.5	 580	OK
1622	     0	78.7	150.6	 567	OK
1623	     0	77.8	148.2	 548	OK
1624	     0	78.6	149.2	 566	OK
1625	     0	79.0	150.5	 557	OK
1626	     0	78.8	148.3	 564	OK
1627	     0	80.2	151.1	 544	OK
1628	     0	75.7	147.4	 564	OK
1629	     0	78.4	148.4	 550	OK
1630	     0	79.0	150.2	 578	OK
1631	     0	77.7	148.1	 555	OK
1632	     0	78.7	148.3	 567	OK
1633	     0	79.4	149.7	 544	OK
1634	     0	79.7	151.1	 536	OK
1635	     0	77.0	147.3	 557	OK
1636	     0	79.1	149.5	 562	OK
1637	     0	77.5	149.0	 556	OK
1638	     0	80.6	153.4	 558	OK
1639	     0	76.5	148.4	 578	OK
1640	     0	79.0	149.5	 557	OK
1641	     0	77.9	146.9	 545	OK
1642	     0	77.9	150.1	 563	OK
1643	     0	77.5	147.6	 586	OK
1644	     0	77.9	149.2	 554	OK
1645	     0	77.9	147.4	 544	OK
1646	     0	78.1	148.7	 553	OK
1647	     0	76.6	146.1	 549	OK
1648	     0	79.2	151.7	 555	OK
1649	     0	76.1	144.0	 548	OK
1650	     0	78.3	148.4	 562	OK
1651	     0	79.2	149.2	 567	OK
1652	     0	74.6	143.4	 555	OK
1653	     0	78.1	148.7	 575	OK
1654	     0	78.3	148.0	 559	OK
1655	     0	76.4	144.3	 555	OK
1656	     0	78.8	148.2	 560	OK
1657	     0	76.9	146.7	 559	OK
1658	     0	77.4	144.7	 552	OK
1659	     0	79.7	151.6	 563	OK
1660	     0	76.0	144.7	 560	OK
1661	     0	76.7	147.6	 574	OK
1662	     0	76.6	144.8	 562	OK
1663	     0	75.8	143.0	 562	OK
1664	     0	77.9	149.2	 579	OK
1665	     0	78.5	150.7	 575	OK
1666	     0	79.0	152.2	 588	OK
1667	     0	78.9	150.6	 575	OK
1668	     0	77.9	149.1	 590	OK
1669	     0	77.1	149.6	 563	OK
1670	     0	78.0	149.3	 593	OK
1671	     0	78.2	151.7	 578	OK
1672	     0	75.6	146.0	 591	OK
1673	     0	77.7	148.7	 576	OK
1674	     0	77.0	147.2	 603	OK
1675	     0	78.4	150.2	 584	OK
1676	     0	76.1	147.8	 565	OK
1677	     0	73.3	142.6	 568	OK
1678	     0	78.9	154.4	 580	OK
1679	     0	75.0	146.7	 585	OK
1680	     0	76.3	146.2	 582	OK
1681	     0	75.7	147.3	 588	OK
1682	     0	74.7	145.4	 578	OK
1683	     0	76.1	144.9	 607	OK
1684	     0	75.9	146.5	 581	OK
1685	     0	74.8	145.9	 576	OK
1686	     0	75.9	146.0	 588	OK
1687	     0	76.3	146.7	 574	OK
1688	     0	76.8	146.2	 578	OK
1689	     0	77.2	149.1	 580	OK
1690	     0	75.1	147.5	 578	OK
1691	     0	73.6	141.0	 585	OK
1692	     0	75.1	144.2	 596	OK
1693	     0	74.9	145.0	 585	OK
1694	     0	76.7	148.3	 583	OK
1695	     0	75.2	146.5	 597	OK
1696	     0	77.8	147.9	 576	OK
1697	     0	76.8	147.3	 568	OK
1698	     0	74.3	143.2	 582	OK
1699	     0	75.5	147.0	 571	OK
1700	     0	78.2	148.7	 571	OK
1701	     0	73.5	141.5	 577	OK
1702	     0	73.1	140.5	 577	OK
1703	     0	75.0	144.1	 611	OK
1704	     0	76.6	148.0	 594	OK
1705	     0	77.2	148.5	 598	OK
1706	     0	75.1	144.0	 601	OK
1707	     0	75.5	147.0	 619	OK
1708	     0	75.1	145.6	 575	OK
1709	     0	74.8	145.2	 606	OK
1710	     0	74.7	146.1	 587	OK
1711	     0	74.9	144.3	 582	OK
1712	     0	74.6	143.6	 569	OK
1713	     0	76.5	148.2	 603	OK
1714	     0	73.5	141.9	 592	OK
1715	     0	76.0	148.1	 577	OK
1716	     0	75.9	145.6	 582	OK
1717	     0	74.1	143.7	 583	OK
1718	     0	76.6	145.6	 597	OK
1719	     0	73.6	141.2	 595	OK
1720	     0	77.3	146.9	 580	OK
1721	     0	76.3	145.4	 584	OK
1722	     0	74.9	145.1	 582	OK
1723	     0	75.7	145.3	 588	OK
1724	     0	76.1	147.3	 590	OK
1725	     0	74.4	145.4	 574	OK
1726	     0	75.4	145.3	 605	OK
1727	     0	75.9	145.4	 577	OK
1728	     0	74.0	142.7	 564	OK
1729	     0	73.9	142.4	 598	OK
1730	     0	75.5	145.8	 572	OK
1731	     0	73.3	142.0	 585	OK
1732	     0	73.1	141.6	 596	OK
1733	     0	74.5	143.1	 592	OK
1734	     0	72.6	139.5	 584	OK
1735	     0	73.3	140.7	 592	OK
1736	     0	73.7	141.7	 603	OK
1737	     0	74.1	143.1	 576	OK
1738	     0	74.2	143.0	 582	OK
1739	     0	72.6	141.3	 587	OK
1740	     0	73.5	140.7	 571	OK
1741	     0	73.7	141.3	 569	OK
1742	     0	75.3	144.6	 594	OK
1743	     0	75.9	145.5	 579	OK
1744	     0	72.3	141.1	 570	OK
1745	     0	72.4	142.6	 577	OK
1746	     0	74.6	145.8	 573	OK
1747	     0	71.3	138.5	 588	OK
1748	     0	75.0	144.1	 570	OK
1749	     0	74.9	143.2	 572	OK
1750	     0	72.5	138.7	 570	OK
1751	     0	73.7	141.8	 593	OK
1752	     0	72.9	142.6	 580	OK
1753	     0	75.0	146.3	 578	OK
1754	     0	76.9	146.3	 580	OK
1755	     0	73.1	138.9	 582	OK
1756	     0	73.8	141.1	 582	OK
1757	     0	73.4	143.1	 583	OK
1758	     0	73.9	143.1	 594	OK
1759	     0	71.4	138.5	 602	OK
1760	     0	73.2	139.3	 594	OK
1761	     0	75.9	146.9	 583	OK
1762	     0	71.4	137.4	 583	OK
1763	     0	73.0	141.9	 584	OK
1764	     0	74.3	143.9	 576	OK
1765	     0	75.8	145.9	 571	OK
1766	     0	75.4	144.2	 571	OK
1767	     0	76.0	145.0	 571	OK
1768	     0	76.4	146.1	 566	OK
1769	     0	73.3	143.4	 590	OK
1770	     0	74.7	143.4	 560	OK
1771	     0	75.6	147.2	 570	OK
1772	     0	71.6	139.1	 585	OK
1773	     0	75.0	146.3	 556	OK
1774	     0	76.6	148.0	 581	OK
1775	     0	74.6	142.9	 583	OK
1776	     0	76.4	149.9	 566	OK
1777	     0	72.9	142.1	 563	OK
1778	     0	74.6	143.5	 582	OK
1779	     0	73.7	140.9	 572	OK
1780	     0	72.4	139.3	 581	OK
1781	     0	74.0	143.8	 571	OK
1782	     0	74.0	142.1	 575	OK
1783	     0	74.4	145.0	 584	OK
1784	     0	74.9	144.5	 594	OK
1785	     0	76.0	143.6	 567	OK
1786	     0	73.0	142.6	 578	OK
1787	     0	75.2	144.8	 587	OK
1788	     0	74.8	144.3	 598	OK
1789	     0	73.3	140.3	 580	OK
1790	     0	75.0	143.8	 591	OK
1791	     0	76.5	147.4	 587	OK
1792	     0	76.2	145.5	 585	OK
1793	     0	77.6	149.5	 590	OK
1794	     0	76.3	147.9	 576	OK
1795	     0	74.4	143.7	 581	OK
1796	     0	78.3	149.6	 586	OK
1797	     0	76.1	146.3	 585	OK
1798	     0	76.1	146.2	 577	OK
1799	     0	78.0	148.0	 573	OK
1800	     0	77.5	146.9	 575	OK
1801	     0	79.2	153.7	 583	OK
1802	     0	74.4	144.5	 592	OK
1803	     0	76.2	146.0	 586	OK
1804	     0	75.7	145.7	 595	OK
1805	     0	76.6	148.2	 577	OK
1806	     0	77.5	149.9	 594	OK
1807	     0	74.5	143.5	 602	OK
1808	     0	77.2	149.3	 581	OK
1809	     0	77.0	146.9	 599	OK
1810	     0	77.4	148.5	 587	OK
1811	     0	77.4	148.7	 586	OK
1812	     0	76.3	147.2	 562	OK
1813	     0	76.8	148.5	 564	OK
1814	     0	79.1	149.7	 587	OK
1815	     0	74.1	143.2	 586	OK
1816	     0	77.1	146.0	 588	OK
1817	     0	77.6	148.7	 559	OK
1818	     0	76.7	145.8	 599	OK
1819	     0	81.6	156.1	 586	OK
1820	     0	78.0	148.2	 583	OK
1821	     0	78.2	148.2	 587	OK
1822	     0	77.6	148.9	 578	OK
1823	     0	76.9	145.7	 584	OK
1824	     0	77.8	147.3	 577	OK
1825	     0	78.5	149.1	 583	OK
1826	     0	78.2	150.7	 571	OK
1827	     0	77.8	149.9	 590	OK
1828	     0	77.8	147.5	 586	OK
1829	     0	76.5	146.4	 576	OK
1830	     0	79.4	152.9	 578	OK
1831	     0	77.7	147.3	 588	OK
1832	     0	78.0	149.2	 589	OK
1833	     0	79.2	150.9	 585	OK
1834	     0	76.5	146.5	 585	OK
1835	     0	75.7	146.5	 586	OK
1836	     0	75.3	144.3	 599	OK
1837	     0	75.9	143.9	 580	OK
1838	     0	79.4	149.2	 588	OK
1839	     0	77.7	149.0	 570	OK
1840	     0	77.6	148.1	 590	OK
1841	     0	77.6	149.1	 584	OK
1842	     0	77.2	146.3	 581	OK
1843	     0	78.6	150.3	 590	OK
1844	     0	79.6	151.5	 585	OK
1845	     0	76.9	148.1	 600	OK
1846	     0	74.4	143.7	 583	OK
1847	     0	76.5	146.4	 576	OK
1848	     0	78.3	150.0	 607	OK
1849	     0	77.1	146.7	 591	OK
1850	     0	76.3	146.8	 589	OK
1851	     0	77.2	147.6	 593	OK
1852	     0	75.7	144.3	 573	OK
1853	     0	77.3	146.1	 578	OK
1854	     0	76.4	144.4	 581	OK
1855	     0	75.8	144.1	 576	OK
1856	     0	77.0	147.6	 576	OK
1857	     0	76.5	145.9	 578	OK
1858	     0	76.4	144.5	 590	OK
1859	     0	76.0	146.2	 580	OK
1860	     0	77.9	147.3	 571	OK
1861	     0	76.2	146.9	 577	OK
1862	     0	76.0	146.7	 579	OK
1863	     0	76.8	146.3	 588	OK
1864	     0	77.3	149.0	 568	OK
1865	     0	78.5	148.3	 566	OK
1866	     0	73.3	139.2	 586	OK
1867	     0	80.1	154.8	 569	OK
1868	     0	79.3	151.8	 577	OK
1869	     0	74.9	142.4	 577	OK
1870	     0	78.0	149.4	 576	OK
1871	     0	77.0	148.8	 580	OK
1872	     0	76.1	144.5	 566	OK
1873	     0	75.2	143.1	 598	OK
1874	     0	76.9	145.5	 577	OK
1875	     0	75.9	146.5	 574	OK
1876	     0	78.4	148.9	 582	OK
1877	     0	75.8	145.8	 577	OK
1878	     0	76.6	145.5	 582	OK
1879	     0	78.8	150.5	 578	OK
1880	     0	74.0	142.4	 580	OK
1881	     0	75.3	143.5	 571	OK
1882	     0	77.9	149.4	 578	OK
1883	     0	76.1	146.0	 575	OK
1884	     0	79.3	151.1	 576	OK
1885	     0	77.3	148.7	 581	OK
1886	     0	77.2	147.4	 583	OK
1887	     0	76.5	145.3	 579	OK
1888	     0	76.0	144.0	 585	OK
1889	     0	74.9	144.6	 568	OK
1890	     0	77.5	146.7	 557	OK
1891	     0	75.2	144.4	 568	OK
1892	     0	77.5	149.0	 589	OK
1893	     0	75.6	145.6	 556	OK
1894	     0	76.2	143.8	 581	OK
1895	     0	74.9	145.0	 591	OK
1896	     0	77.1	147.8	 572	OK
1897	     0	77.2	147.1	 580	OK
1898	     0	75.1	144.5	 577	OK
1899	     0	78.3	150.4	 553	OK
1900	     0	75.4	143.8	 576	OK
1901	     0	78.6	151.6	 571	OK
1902	     0	77.6	148.7	 561	OK
1903	     0	76.0	146.1	 565	OK
1904	     0	77.7	146.8	 560	OK
1905	     0	76.6	148.3	 558	OK
1906	     0	76.8	144.8	 564	OK
1907	     0	74.8	143.0	 557	OK
1908	     0	76.0	144.7	 569	OK
1909	     0	76.8	149.4	 569	OK
1910	     0	75.5	145.7	 560	OK
1911	     0	76.0	144.3	 569	OK
1912	     0	76.4	146.6	 575	OK
1913	     0	80.5	153.3	 560	OK
1914	     0	77.1	145.2	 584	OK
1915	     0	77.6	148.1	 571	OK
1916	     0	76.1	145.0	 571	OK
1917	     0	78.3	148.9	 566	OK
1918	     0	76.7	147.9	 555	OK
1919	     0	76.5	143.8	 558	OK
1920	     0	80.1	152.8	 554	OK
1921	     0	79.1	150.2	 551	OK
1922	     0	78.1	148.9	 570	OK
1923	     0	80.3	155.5	 550	OK
1924	     0	78.6	152.8	 567	OK
1925	     0	81.3	155.2	 547	OK
1926	     0	80.4	154.7	 569	OK
1927	     0	81.2	155.4	 564	OK
1928	     0	80.8	154.4	 572	OK
1929	     0	81.5	156.2	 563	OK
1930	     0	78.0	150.6	 576	OK
1931	     0	82.6	156.3	 569	OK
1932	     0	81.2	154.2	 559	OK
1933	     0	78.6	151.5	 565	OK
1934	     0	79.2	152.4	 553	OK
1935	     0	79.0	149.2	 575	OK
1936	     0	79.1	151.0	 556	OK
1937	     0	80.3	153.0	 569	OK
1938	     0	80.3	154.2	 559	OK
1939	     0	79.9	153.6	 552	OK
1940	     0	78.6	149.7	 567	OK
1941	     0	79.6	151.6	 568	OK
1942	     0	77.9	149.2	 578	OK
1943	     0	78.3	150.1	 558	OK
1944	     0	80.3	154.0	 568	OK
1945	     0	80.5	153.3	 562	OK
1946	     0	81.3	155.6	 571	OK
1947	     0	79.4	152.3	 569	OK
1948	     0	76.5	145.9	 570	OK
1949	     0	80.4	153.7	 580	OK
1950	     0	82.1	155.3	 560	OK
1951	     0	78.3	149.0	 562	OK
1952	     0	80.2	154.1	 562	OK
1953	     0	81.6	154.4	 576	OK
1954	     0	80.0	154.2	 575	OK
1955	     0	77.1	148.4	 567	OK
1956	     0	81.6	155.7	 576	OK
1957	     0	81.3	156.6	 569	OK
1958	     0	79.7	151.9	 557	OK
1959	     0	81.0	154.9	 585	OK
1960	     0	80.4	151.7	 546	OK
1961	     0	80.3	154.9	 574	OK
1962	     0	78.3	150.9	 573	OK
1963	     0	75.6	145.1	 552	OK
1964	     0	80.8	155.5	 573	OK
1965	     0	81.0	154.2	 561	OK
1966	     0	80.8	154.4	 562	OK
1967	     0	81.8	154.2	 574	OK
1968	     0	77.8	149.3	 567	OK
1969	     0	81.6	155.6	 564	OK
1970	     0	78.4	148.2	 561	OK
1971	     0	77.1	148.0	 570	OK
1972	     0	83.4	158.1	 561	OK
1973	     0	78.9	150.7	 560	OK
1974	     0	77.0	148.1	 564	OK
1975	     0	80.2	155.9	 557	OK
1976	     0	79.5	152.2	 546	OK
1977	     0	78.0	151.1	 577	OK
1978	     0	80.1	155.2	 579	OK
1979	     0	80.8	154.9	 586	OK
1980	     0	79.4	151.6	 563	OK
1981	     0	79.5	151.7	 565	OK
1982	     0	81.1	157.0	 568	OK
1983	     0	83.3	158.0	 576	OK
1984	     0	80.8	155.1	 575	OK
1985	     0	80.8	153.2	 577	OK
1986	     0	79.7	153.4	 559	OK
1987	     0	79.3	152.4	 571	OK
1988	     0	79.6	154.4	 573	OK
1989	     0	80.1	153.9	 576	OK
1990	     0	80.3	153.5	 565	OK
1991	     0	80.9	153.3	 561	OK
1992	     0	79.1	152.8	 561	OK
1993	     0	78.9	150.2	 550	OK
1994	     0	76.9	148.8	 583	OK
1995	     0	79.9	153.3	 563	OK
1996	     0	77.4	149.5	 568	OK
1997	     0	82.9	158.8	 580	OK
1998	     0	80.3	152.5	 574	OK
1999	     0	79.5	151.9	 560	OK
2000	     0	79.1	150.8	 567	OK
2001	     0	78.5	153.0	 558	OK
2002	     0	80.0	151.9	 570	OK
2003	     0	82.8	157.6	 563	OK
2004	     0	80.8	153.6	 561	OK
2005	     0	80.6	153.2	 579	OK
2006	     0	78.8	150.2	 572	OK
2007	     0	82.5	157.7	 568	OK
2008	     0	80.3	152.8	 550	OK
2009	     0	80.0	153.1	 566	OK
2010	     0	79.4	151.8	 571	OK
2011	     0	81.5	155.7	 572	OK
2012	     0	78.1	150.5	 547	OK
2013	     0	79.9	150.3	 556	OK
2014	     0	79.4	150.7	 557	OK
2015	     0	81.8	156.9	 577	OK
2016	     0	79.3	149.7	 560	OK
2017	     0	81.3	157.3	 563	OK
2018	     0	81.1	152.2	 558	OK
2019	     0	79.0	151.2	 566	OK
2020	     0	78.9	148.8	 554	OK
2021	     0	79.9	153.0	 556	OK
2022	     0	81.8	155.4	 558	OK
2023	     0	80.7	153.4	 549	OK
2024	     0	79.6	153.6	 554	OK
2025	     0	80.3	152.7	 558	OK
2026	     0	82.6	157.9	 556	OK
2027	     0	81.6	155.7	 565	OK
2028	     0	83.5	157.7	 575	OK
2029	     0	80.6	153.1	 560	OK
2030	     0	81.5	155.9	 547	OK
2031	     0	78.8	150.5	 556	OK
2032	     0	79.6	151.4	 539	OK
2033	     0	77.7	147.7	 557	OK
2034	     0	80.8	152.9	 559	OK
2035	     0	79.3	151.7	 553	OK
2036	     0	77.8	149.0	 569	OK
2037	     0	81.4	156.2	 552	OK
2038	     0	79.9	153.1	 555	OK
2039	     0	78.9	149.5	 561	OK
2040	     0	79.7	153.6	 559	OK
2041	     0	82.0	157.6	 569	OK
2042	     0	76.8	149.5	 553	OK
2043	     0	81.3	153.0	 552	OK
2044	     0	82.1	158.4	 551	OK
2045	     0	80.0	153.4	 552	OK
2046	     0	82.2	154.1	 559	OK
2047	     0	79.3	149.4	 569	OK
2048	     0	76.7	146.3	 565	OK
2049	     0	77.3	145.7	 556	OK
2050	     0	79.3	152.3	 549	OK
2051	     0	77.6	148.5	 549	OK
2052	     0	78.5	147.7	 550	OK
2053	     0	76.6	148.4	 546	OK
2054	     0	79.4	150.0	 562	OK
2055	     0	76.2	147.0	 565	OK
2056	     0	74.1	140.1	 569	OK
2057	     0	77.2	146.9	 559	OK
2058	     0	74.9	144.2	 575	OK
2059	     0	78.8	149.3	 555	OK
2060	     0	77.7	145.6	 567	OK
2061	     0	77.2	143.5	 554	OK
2062	     0	78.1	149.9	 558	OK
2063	     0	78.8	150.1	 546	OK
2064	     0	76.4	145.4	 562	OK
2065	     0	77.1	147.0	 561	OK
2066	     0	75.5	145.5	 558	OK
2067	     0	76.2	145.7	 555	OK
2068	     0	75.3	142.7	 542	OK
2069	     0	76.7	146.3	 554	OK
2070	     0	77.5	146.6	 554	OK
2071	     0	76.6	147.3	 568	OK
2072	     0	76.0	145.7	 579	OK
2073	     0	75.9	145.3	 575	OK
2074	     0	77.9	149.2	 558	OK
2075	     0	75.9	144.8	 553	OK
2076	     0	80.8	155.3	 571	OK
2077	     0	76.9	145.4	 551	OK
2078	     0	78.0	146.5	 557	OK
2079	     0	75.8	144.1	 558	OK
2080	     0	75.4	144.3	 548	OK
2081	     0	73.3	141.8	 555	OK
2082	     0	76.9	144.9	 567	OK
2083	     0	77.7	148.6	 556	OK
2084	     0	77.7	148.7	 556	OK
2085	     0	75.2	144.8	 567	OK
2086	     0	76.3	146.3	 555	OK
2087	     0	75.9	143.7	 570	OK
2088	     0	77.7	147.9	 572	OK
2089	   100	70.2	134.0	 574	low gain
2090	     0	78.3	147.3	 575	OK
2091	     0	77.8	147.5	 557	OK
2092	     0	75.4	142.5	 558	OK
2093	     0	76.6	148.3	 563	OK
2094	     0	78.5	146.8	 577	OK
2095	     0	78.5	147.2	 575	OK
2096	     0	75.2	142.3	 559	OK
2097	     0	78.0	148.1	 575	OK
2098	     0	76.7	145.8	 563	OK
2099	     0	77.8	150.7	 558	OK
2100	     0	75.6	145.0	 577	OK
2101	     0	78.5	149.8	 572	OK
2102	     0	76.0	143.9	 554	OK
2103	     0	77.7	147.2	 561	OK
2104	     0	77.5	146.7	 568	OK
2105	     0	77.3	146.2	 566	OK
2106	     0	75.4	141.9	 569	OK
2107	     0	76.7	145.6	 567	OK
2108	     0	78.6	149.7	 556	OK
2109	     0	76.9	145.7	 558	OK
2110	     0	76.4	145.4	 540	OK
2111	     0	77.4	146.4	 567	OK
2112	     0	77.1	148.6	 564	OK
2113	     0	79.0	150.4	 568	OK
2114	     0	76.0	145.8	 556	OK
2115	     0	75.5	143.7	 566	OK
2116	     0	77.5	148.2	 563	OK
2117	     0	77.1	146.8	 548	OK
2118	     0	77.0	148.3	 546	OK
2119	     0	78.0	149.5	 569	OK
2120	     0	75.6	145.8	 562	OK
2121	     0	77.5	148.2	 557	OK
2122	     0	76.0	144.1	 550	OK
2123	     0	77.1	147.2	 553	OK
2124	     0	75.2	144.7	 557	OK
2125	     0	74.8	143.5	 545	OK
2126	     0	75.1	144.6	 565	OK
2127	     0	75.8	145.4	 538	OK
2128	     0	76.2	145.2	 574	OK
2129	     0	78.9	150.2	 565	OK
2130	     0	75.3	143.8	 562	OK
2131	     0	79.4	149.9	 541	OK
2132	     0	78.9	149.8	 564	OK
2133	     0	77.6	146.3	 568	OK
2134	     0	80.3	150.8	 564	OK
2135	     0	76.6	145.1	 559	OK
2136	     0	74.4	140.6	 564	OK
2137	     0	78.7	149.1	 557	OK
2138	     0	74.3	141.5	 553	OK
2139	     0	77.5	146.7	 552	OK
2140	     0	77.7	148.4	 549	OK
2141	     0	77.9	147.0	 549	OK
2142	     0	77.6	147.3	 560	OK
2143	     0	75.7	145.2	 532	OK
2144	     0	73.7	140.9	 560	OK
2145	     0	74.6	141.8	 545	OK
2146	     0	79.1	150.8	 559	OK
2147	     0	77.5	147.9	 534	OK
2148	     0	76.6	145.8	 561	OK
2149	     0	78.8	149.1	 549	OK
2150	     0	76.0	144.0	 564	OK
2151	     0	76.9	146.7	 542	OK
2152	     0	77.7	147.1	 545	OK
2153	     0	77.1	149.8	 545	OK
2154	     0	77.1	147.2	 549	OK
2155	     0	76.0	145.8	 554	OK
2156	     0	74.8	143.5	 562	OK
2157	     0	77.3	147.3	 561	OK
2158	     0	77.3	148.0	 550	OK
2159	     0	75.9	145.4	 551	OK
2160	     0	79.4	150.6	 547	OK
2161	     0	76.8	146.7	 557	OK
2162	     0	77.7	146.1	 545	OK
2163	     0	77.8	149.4	 551	OK
2164	     0	77.0	147.3	 546	OK
2165	     0	78.1	147.7	 539	OK
2166	     0	77.5	146.6	 559	OK
2167	     0	78.3	147.8	 574	OK
2168	     0	78.5	147.0	 543	OK
2169	     0	78.2	148.7	 550	OK
2170	     0	77.6	148.6	 556	OK
2171	     0	75.9	143.8	 577	OK
2172	     0	77.7	145.6	 552	OK
2173	     0	77.2	146.5	 551	OK
2174	     0	76.6	145.7	 549	OK
2175	     0	78.4	149.5	 551	OK
2176	     0	77.2	148.0	 552	OK
2177	     0	77.7	150.2	 550	OK
2178	     0	80.4	153.3	 538	OK
2179	     0	78.3	149.9	 550	OK
2180	     0	79.0	152.0	 542	OK
2181	     0	79.0	150.8	 551	OK
2182	     0	77.3	149.7	 552	OK
2183	     0	78.5	151.1	 563	OK
2184	     0	75.4	145.0	 570	OK
2185	     0	80.6	152.8	 550	OK
2186	     0	77.2	147.5	 560	OK
2187	     0	76.2	146.7	 563	OK
2188	     0	76.9	145.7	 553	OK
2189	     0	79.2	152.9	 554	OK
2190	     0	77.4	148.3	 564	OK
2191	     0	78.7	152.5	 534	OK
2192	     0	77.3	150.0	 565	OK
2193	     0	80.1	154.6	 550	OK
2194	     0	81.0	155.3	 552	OK
2195	     0	77.9	150.4	 550	OK
2196	     0	78.8	151.4	 543	OK
2197	     0	78.2	151.7	 550	OK
2198	     0	80.3	152.7	 570	OK
2199	     0	78.4	151.3	 545	OK
2200	     0	77.1	147.6	 570	OK
2201	     0	79.4	151.1	 556	OK
2202	     0	78.8	151.4	 566	OK
2203	     0	76.8	147.0	 558	OK
2204	     0	78.7	150.0	 552	OK
2205	     0	77.5	148.0	 537	OK
2206	     0	77.0	148.5	 556	OK
2207	     0	79.5	151.7	 557	OK
2208	     0	77.9	150.4	 559	OK
2209	     0	75.6	142.9	 569	OK
2210	     0	77.7	149.0	 568	OK
2211	     0	76.6	147.7	 554	OK
2212	     0	82.2	158.5	 561	OK
2213	     0	79.3	151.5	 534	OK
2214	     0	79.2	150.9	 563	OK
2215	     0	79.2	151.0	 556	OK
2216	     0	78.1	150.0	 572	OK
2217	     0	79.2	150.0	 564	OK
2218	     0	76.7	148.8	 572	OK
2219	     0	75.4	144.4	 558	OK
2220	     0	75.3	145.3	 552	OK
2221	     0	78.9	150.3	 580	OK
2222	     0	79.3	152.9	 568	OK
2223	     0	76.7	148.3	 566	OK
2224	     0	79.4	149.8	 570	OK
2225	     0	76.6	148.3	 567	OK
2226	     0	78.4	151.2	 561	OK
2227	     0	77.3	149.5	 563	OK
2228	     0	80.0	151.5	 576	OK
2229	     0	75.0	144.7	 565	OK
2230	     0	78.5	148.9	 561	OK
2231	     0	76.4	146.8	 568	OK
2232	     0	79.8	152.3	 571	OK
2233	     0	79.1	151.4	 564	OK
2234	     0	79.7	150.8	 566	OK
2235	     0	77.2	148.9	 560	OK
2236	     0	76.5	147.9	 572	OK
2237	     0	78.7	150.1	 568	OK
2238	     0	77.7	148.8	 575	OK
2239	     0	81.7	154.1	 562	OK
2240	     0	76.0	144.0	 568	OK
2241	     0	77.7	150.0	 557	OK
2242	     0	77.5	147.8	 570	OK
2243	     0	78.4	151.1	 564	OK
2244	     0	79.4	152.1	 556	OK
2245	     0	76.9	146.5	 556	OK
2246	     0	77.2	149.1	 573	OK
2247	     0	78.2	149.3	 558	OK
2248	     0	78.8	151.5	 568	OK
2249	     0	77.8	149.4	 568	OK
2250	     0	79.0	152.4	 584	OK
2251	     0	76.9	148.9	 569	OK
2252	     0	76.1	148.2	 569	OK
2253	     0	76.9	147.2	 554	OK
2254	     0	74.7	145.8	 560	OK
2255	     0	78.5	152.5	 559	OK
2256	     0	76.6	147.4	 567	OK
2257	     0	76.4	145.7	 550	OK
2258	     0	78.8	150.1	 543	OK
2259	     0	76.6	147.0	 564	OK
2260	     0	78.4	149.4	 561	OK
2261	     0	78.7	153.1	 568	OK
2262	     0	80.0	152.3	 560	OK
2263	     0	76.0	145.0	 564	OK
2264	     0	81.2	154.7	 551	OK
2265	     0	76.8	149.6	 562	OK
2266	     0	77.1	147.7	 551	OK
2267	     0	77.5	147.0	 563	OK
2268	     0	77.6	148.0	 547	OK
2269	     0	76.5	147.0	 561	OK
2270	     0	78.9	150.8	 549	OK
2271	     0	78.5	150.0	 554	OK
2272	     0	76.8	150.4	 565	OK
2273	     0	80.0	152.1	 549	OK
2274	     0	78.1	147.9	 564	OK
2275	     0	76.6	148.9	 554	OK
2276	     0	78.3	148.8	 564	OK
2277	     0	76.2	148.6	 553	OK
2278	     0	77.6	151.1	 561	OK
2279	     0	78.9	153.7	 564	OK
2280	     0	78.9	149.9	 555	OK
2281	     0	79.3	153.5	 573	OK
2282	     0	76.6	146.0	 557	OK
2283	     0	77.3	148.5	 551	OK
2284	     0	76.4	148.6	 553	OK
2285	     0	79.7	153.5	 556	OK
2286	     0	77.9	148.4	 550	OK
2287	     0	78.6	151.7	 569	OK
2288	     0	76.7	147.5	 552	OK
2289	     0	78.7	151.8	 566	OK
2290	     0	76.3	145.8	 564	OK
2291	     0	78.3	148.8	 570	OK
2292	     0	79.1	153.0	 544	OK
2293	     0	81.0	155.4	 548	OK
2294	     0	77.4	148.8	 550	OK
2295	     0	79.5	150.3	 555	OK
2296	     0	78.5	151.8	 571	OK
2297	     0	77.7	147.1	 567	OK
2298	     0	80.5	155.0	 559	OK
2299	     0	77.7	148.6	 551	OK
2300	     0	76.3	148.6	 575	OK
2301	     0	77.1	148.6	 571	OK
2302	     0	78.0	147.6	 559	OK
2303	     0	79.9	153.0	 558	OK
2304	     0	78.5	152.7	 556	OK
2305	     0	80.2	153.0	 549	OK
2306	     0	75.9	146.0	 570	OK
2307	     0	76.8	146.6	 560	OK
2308	     0	77.4	150.1	 562	OK
2309	     0	76.6	148.2	 542	OK
2310	     0	76.2	147.4	 535	OK
2311	     0	76.8	145.3	 559	OK
2312	     0	79.4	152.7	 555	OK
2313	     0	79.1	151.5	 562	OK
2314	     0	78.4	148.6	 557	OK
2315	     0	77.4	149.4	 562	OK
2316	     0	77.9	152.0	 559	OK
2317	     0	77.2	148.6	 554	OK
2318	     0	77.3	147.0	 559	OK
2319	     0	75.4	145.4	 566	OK
2320	     0	77.1	148.8	 568	OK
2321	     0	77.5	148.1	 550	OK
2322	     0	75.0	144.8	 552	OK
2323	     0	74.8	144.7	 560	OK
2324	     0	75.5	144.4	 564	OK
2325	     0	76.6	146.1	 559	OK
2326	     0	78.2	150.1	 564	OK
2327	     0	77.7	149.5	 553	OK
2328	     0	77.1	147.7	 543	OK
2329	     0	80.4	152.5	 560	OK
2330	     0	77.9	151.4	 569	OK
2331	     0	75.5	145.4	 551	OK
2332	     0	79.1	151.7	 549	OK
2333	     0	76.6	146.9	 556	OK
2334	     0	79.1	151.5	 533	OK
2335	     0	77.4	148.9	 555	OK
2336	     0	77.2	147.7	 569	OK
2337	     0	77.7	148.6	 551	OK
2338	     0	77.4	148.5	 570	OK
2339	     0	75.1	144.9	 541	OK
2340	     0	75.4	145.0	 554	OK
2341	     0	77.8	148.4	 561	OK
2342	     0	76.1	146.0	 547	OK
2343	     0	76.4	146.5	 560	OK
2344	     0	74.7	144.6	 583	OK
2345	     0	77.7	151.3	 563	OK
2346	     0	78.0	148.0	 554	OK
2347	     0	75.7	144.7	 570	OK
2348	     0	75.0	143.5	 566	OK
2349	     0	78.2	148.6	 567	OK
2350	     0	76.3	146.1	 550	OK
2351	     0	77.6	150.1	 567	OK
2352	     0	77.9	148.4	 555	OK
2353	     0	76.3	146.1	 559	OK
2354	     0	74.9	145.9	 579	OK
2355	     0	76.3	146.8	 562	OK
2356	     0	76.5	147.0	 560	OK
2357	     0	76.6	148.8	 565	OK
2358	     0	76.8	148.2	 576	OK
2359	     0	77.6	150.8	 553	OK
2360	     0	76.2	145.8	 574	OK
2361	     0	76.3	149.1	 567	OK
2362	     0	78.8	151.2	 558	OK
2363	     0	78.2	150.5	 556	OK
2364	     0	78.0	149.1	 561	OK
2365	     0	76.0	145.9	 560	OK
2366	     0	76.8	148.6	 556	OK
2367	     0	77.1	148.9	 565	OK
2368	  4000	76.9	147.7	 615	high noise
2369	     0	75.3	146.4	 564	OK
2370	     0	76.6	145.5	 570	OK
2371	     0	75.4	144.3	 550	OK
2372	     0	76.1	146.2	 560	OK
2373	     0	77.8	152.4	 557	OK
2374	     0	75.5	145.2	 552	OK
2375	     0	76.0	146.1	 554	OK
2376	     0	77.2	147.3	 551	OK
2377	     0	73.9	143.5	 544	OK
2378	     0	77.9	148.0	 566	OK
2379	     0	77.3	146.8	 562	OK
2380	     0	76.8	147.3	 550	OK
2381	     0	76.9	146.9	 547	OK
2382	     0	77.4	149.8	 569	OK
2383	     0	78.4	149.1	 566	OK
2384	     0	75.2	146.2	 569	OK
2385	     0	77.5	150.1	 550	OK
2386	     0	78.3	152.4	 563	OK
2387	     0	75.6	145.3	 567	OK
2388	     0	78.7	152.5	 562	OK
2389	     0	77.6	147.8	 546	OK
2390	     0	77.4	149.2	 566	OK
2391	     0	77.6	147.5	 548	OK
2392	     0	76.1	147.7	 550	OK
2393	     0	75.4	146.7	 551	OK
2394	     0	75.8	145.6	 551	OK
2395	     0	78.2	149.5	 567	OK
2396	     0	76.8	148.1	 553	OK
2397	     0	77.8	150.0	 559	OK
2398	     0	76.7	147.2	 553	OK
2399	     0	77.1	147.3	 573	OK
2400	     0	78.5	149.0	 565	OK
2401	     0	76.0	146.9	 545	OK
2402	     0	75.7	146.3	 552	OK
2403	     0	73.8	142.7	 554	OK
2404	     0	76.8	147.4	 555	OK
2405	     0	77.0	145.8	 527	OK
2406	     0	74.6	143.4	 563	OK
2407	     0	75.2	146.7	 563	OK
2408	     0	78.3	153.3	 549	OK
2409	     0	77.1	147.8	 549	OK
2410	     0	74.5	145.0	 549	OK
2411	     0	79.0	151.8	 561	OK
2412	     0	76.9	148.2	 547	OK
2413	     0	79.1	151.4	 558	OK
2414	     0	78.0	148.3	 544	OK
2415	     0	77.7	150.9	 553	OK
2416	     0	77.3	147.2	 555	OK
2417	     0	79.2	152.7	 546	OK
2418	     0	76.7	149.8	 569	OK
2419	     0	80.7	154.6	 550	OK
2420	     0	76.2	147.8	 549	OK
2421	     0	76.8	147.7	 567	OK
2422	     0	79.3	152.2	 543	OK
2423	     0	77.6	148.2	 557	OK
2424	     0	78.9	151.6	 556	OK
2425	     0	79.1	151.9	 547	OK
2426	     0	79.5	151.6	 559	OK
2427	     0	78.7	151.6	 560	OK
2428	     0	79.7	153.3	 567	OK
2429	     0	77.2	149.0	 545	OK
2430	     0	80.3	153.0	 567	OK
2431	     0	76.7	148.9	 555	OK
2432	     0	71.8	136.4	 587	OK
2433	     0	73.0	141.7	 584	OK
2434	     0	71.4	137.3	 579	OK
2435	     0	73.6	142.0	 562	OK
2436	     0	70.4	136.1	 586	OK
2437	     0	70.9	138.2	 574	OK
2438	     0	69.6	135.1	 584	OK
2439	     0	72.1	138.6	 555	OK
2440	     0	73.4	140.4	 584	OK
2441	     0	70.7	135.3	 572	OK
2442	     0	67.0	129.8	 599	OK
2443	     0	71.8	138.1	 574	OK
2444	     0	72.2	139.4	 577	OK
2445	     0	72.0	140.1	 587	OK
2446	     0	71.0	138.1	 567	OK
2447	     0	71.7	137.3	 561	OK
2448	     0	73.1	141.4	 563	OK
2449	     0	70.8	137.0	 559	OK
2450	     0	69.5	133.7	 569	OK
2451	     0	74.3	143.3	 565	OK
2452	     0	71.4	136.0	 570	OK
2453	     0	71.6	138.6	 556	OK
2454	     0	72.7	139.3	 575	OK
2455	     0	72.1	137.2	 576	OK
2456	     0	72.2	141.0	 568	OK
2457	     0	73.1	141.1	 554	OK
2458	     0	72.0	139.3	 569	OK
2459	     0	73.1	141.3	 560	OK
2460	     0	70.5	136.4	 556	OK
2461	     0	70.2	135.1	 576	OK
2462	     0	72.6	140.5	 570	OK
2463	     0	71.7	137.7	 575	OK
2464	     0	70.8	137.6	 576	OK
2465	     0	71.3	137.7	 575	OK
2466	     0	72.2	140.9	 572	OK
2467	     0	71.4	139.3	 578	OK
2468	     0	72.1	138.9	 571	OK
2469	     0	71.4	136.7	 572	OK
2470	     0	71.0	137.2	 582	OK
2471	     0	72.1	138.8	 578	OK
2472	     0	69.2	133.7	 579	OK
2473	     0	70.8	137.2	 553	OK
2474	     0	71.0	136.0	 563	OK
2475	     0	72.3	138.8	 569	OK
2476	     0	72.6	140.7	 576	OK
2477	     0	70.5	136.5	 577	OK
2478	     0	72.8	139.5	 590	OK
2479	     0	72.6	140.0	 587	OK
2480	     0	73.0	140.1	 558	OK
2481	     0	70.4	134.3	 568	OK
2482	     0	70.6	135.1	 576	OK
2483	     0	71.6	137.6	 565	OK
2484	     0	70.6	137.5	 582	OK
2485	     0	70.4	136.6	 577	OK
2486	     0	71.5	136.5	 572	OK
2487	     0	72.3	138.8	 563	OK
2488	     0	71.5	137.9	 575	OK
2489	     0	72.8	139.8	 576	OK
2490	     0	71.5	138.5	 571	OK
2491	     0	70.5	136.5	 573	OK
2492	     0	72.1	137.8	 571	OK
2493	     0	68.0	131.6	 557	OK
2494	     0	73.4	141.4	 569	OK
2495	     0	75.7	146.3	 565	OK
2496	     0	73.2	141.3	 586	OK
2497	     0	70.0	136.1	 583	OK
2498	     0	71.2	139.5	 585	OK
2499	     0	74.0	142.7	 570	OK
2500	     0	72.3	137.3	 573	OK
2501	     0	72.9	140.8	 562	OK
2502	     0	72.4	138.9	 584	OK
2503	     0	71.4	138.5	 572	OK
2504	     0	74.0	143.8	 561	OK
2505	     0	72.7	141.4	 571	OK
2506	     0	72.3	137.9	 546	OK
2507	     0	70.4	138.0	 581	OK
2508	     0	73.0	141.2	 565	OK
2509	     0	71.7	137.8	 585	OK
2510	     0	71.3	137.5	 555	OK
2511	     0	71.9	137.3	 562	OK
2512	     0	74.3	141.6	 558	OK
2513	     0	73.4	141.1	 576	OK
2514	     0	70.6	135.5	 580	OK
2515	     0	72.3	139.0	 560	OK
2516	     0	71.5	138.8	 567	OK
2517	     0	75.7	146.6	 573	OK
2518	     0	72.4	139.4	 569	OK
2519	     0	73.3	139.6	 572	OK
2520	     0	71.2	136.7	 560	OK
2521	     0	73.1	140.4	 572	OK
2522	     0	73.4	140.7	 582	OK
2523	     0	74.6	143.5	 567	OK
2524	     0	75.2	143.3	 579	OK
2525	     0	72.4	139.6	 561	OK
2526	     0	70.8	135.5	 558	OK
2527	     0	72.0	138.6	 555	OK
2528	     0	71.3	136.0	 564	OK
2529	     0	73.0	141.8	 563	OK
2530	     0	72.0	138.3	 562	OK
2531	     0	74.1	142.2	 570	OK
2532	     0	72.0	137.2	 558	OK
2533	     0	74.8	144.7	 571	OK
2534	     0	74.0	141.8	 550	OK
2535	     0	72.9	142.1	 578	OK
2536	     0	75.6	143.6	 567	OK
2537	     0	71.5	140.3	 567	OK
2538	     0	73.2	140.7	 582	OK
2539	     0	71.7	138.8	 554	OK
2540	     0	75.8	145.8	 553	OK
2541	     0	71.7	138.9	 569	OK
2542	     0	73.4	141.7	 558	OK
2543	     0	73.1	138.3	 556	OK
2544	     0	71.6	134.7	 569	OK
2545	     0	73.8	139.9	 570	OK
2546	     0	72.2	139.6	 567	OK
2547	   200	78.2	148.8	 554	high gain
2548	     0	73.9	142.7	 567	OK
2549	     0	72.4	140.4	 579	OK
2550	     0	73.2	140.6	 562	OK
2551	     0	74.2	144.3	 568	OK
2552	     0	74.7	144.3	 561	OK
2553	     0	75.6	145.4	 554	OK
2554	     0	74.5	142.6	 573	OK
2555	     0	76.0	148.0	 563	OK
2556	     0	73.7	142.1	 570	OK
2557	     0	73.6	141.2	 562	OK
2558	     0	75.2	144.8	 558	OK
2559	   200	78.9	149.6	 557	high gain
