#chan	code	gain	vt50	innse	comment
   0	     0	80.0	111.5	 655	OK
   1	     0	79.3	109.8	 645	OK
   2	     0	77.4	108.4	 640	OK
   3	     0	75.8	104.9	 640	OK
   4	     0	76.8	107.3	 657	OK
   5	     0	78.2	109.1	 636	OK
   6	     0	76.6	108.7	 647	OK
   7	     0	78.3	108.8	 661	OK
   8	     0	75.1	106.4	 673	OK
   9	     0	79.9	110.8	 667	OK
  10	     0	73.1	105.2	 662	OK
  11	     0	74.7	106.7	 672	OK
  12	     0	77.6	110.3	 659	OK
  13	     0	74.9	105.4	 669	OK
  14	     0	74.7	106.5	 665	OK
  15	     0	75.7	107.6	 670	OK
  16	     0	73.5	104.3	 680	OK
  17	     0	77.7	109.6	 659	OK
  18	     0	72.5	105.1	 665	OK
  19	     0	76.9	108.3	 663	OK
  20	     0	72.4	105.0	 666	OK
  21	     0	74.4	105.3	 679	OK
  22	     0	73.3	104.8	 659	OK
  23	     0	75.5	107.4	 667	OK
  24	     0	75.5	107.7	 668	OK
  25	     0	77.4	111.2	 691	OK
  26	     0	72.4	103.8	 669	OK
  27	     0	75.3	106.0	 654	OK
  28	     0	77.2	106.8	 676	OK
  29	     0	75.5	105.6	 686	OK
  30	     0	74.3	104.0	 689	OK
  31	     0	77.0	108.5	 687	OK
  32	     0	77.6	109.0	 679	OK
  33	     0	75.8	108.4	 679	OK
  34	     0	75.1	106.1	 688	OK
  35	     0	75.0	105.6	 687	OK
  36	     0	74.2	104.7	 677	OK
  37	     0	76.4	105.9	 686	OK
  38	     0	75.6	105.6	 697	OK
  39	     0	75.6	107.1	 696	OK
  40	     0	74.1	104.0	 683	OK
  41	     0	75.7	106.2	 688	OK
  42	     0	74.6	104.4	 689	OK
  43	     0	75.2	106.4	 673	OK
  44	     0	77.6	108.0	 688	OK
  45	     0	75.0	106.3	 718	OK
  46	     0	77.2	106.1	 687	OK
  47	     0	75.7	108.1	 687	OK
  48	     0	74.3	104.6	 681	OK
  49	     0	75.4	107.2	 691	OK
  50	     0	74.8	105.4	 695	OK
  51	     0	77.2	109.1	 679	OK
  52	     0	73.7	105.6	 694	OK
  53	     0	76.0	107.3	 705	OK
  54	     0	75.6	106.6	 686	OK
  55	     0	76.0	107.6	 690	OK
  56	     0	74.7	104.6	 686	OK
  57	     0	75.0	108.6	 671	OK
  58	     0	75.2	107.5	 692	OK
  59	     0	74.2	106.9	 698	OK
  60	     0	76.8	108.4	 703	OK
  61	     0	76.8	110.2	 679	OK
  62	     0	78.4	110.1	 695	OK
  63	     0	77.1	108.4	 676	OK
  64	     0	78.1	111.0	 683	OK
  65	     0	78.4	109.8	 678	OK
  66	     0	74.8	107.1	 686	OK
  67	     0	76.6	108.3	 674	OK
  68	     0	75.6	105.7	 679	OK
  69	     0	76.5	109.4	 680	OK
  70	     0	74.9	105.5	 697	OK
  71	     0	75.5	106.4	 681	OK
  72	     0	75.4	107.7	 675	OK
  73	     0	76.2	106.8	 693	OK
  74	     0	74.8	105.2	 689	OK
  75	     0	75.9	107.7	 679	OK
  76	     0	76.9	110.1	 684	OK
  77	     0	75.9	108.0	 695	OK
  78	     0	73.3	103.5	 691	OK
  79	     0	73.3	103.8	 686	OK
  80	     0	77.3	108.9	 685	OK
  81	     0	73.6	105.7	 686	OK
  82	     0	75.6	105.1	 682	OK
  83	     0	74.8	105.4	 677	OK
  84	     0	77.6	108.9	 686	OK
  85	     0	76.4	106.5	 686	OK
  86	     0	76.3	107.1	 685	OK
  87	     0	73.9	105.1	 686	OK
  88	     0	75.2	105.4	 682	OK
  89	     0	77.5	110.1	 679	OK
  90	     0	74.7	105.8	 682	OK
  91	     0	74.9	108.7	 670	OK
  92	     0	73.2	105.6	 688	OK
  93	     0	75.4	105.0	 694	OK
  94	     0	75.4	107.5	 680	OK
  95	     0	76.4	108.0	 689	OK
  96	     0	73.3	103.2	 702	OK
  97	     0	73.0	104.6	 673	OK
  98	     0	73.9	103.0	 668	OK
  99	     0	77.1	107.8	 672	OK
 100	     0	74.2	106.5	 683	OK
 101	     0	76.6	108.8	 679	OK
 102	     0	76.7	107.2	 676	OK
 103	     0	76.6	107.7	 648	OK
 104	     0	75.2	106.1	 698	OK
 105	     0	76.8	106.7	 672	OK
 106	     0	72.8	102.9	 675	OK
 107	     0	76.2	107.1	 671	OK
 108	     0	77.0	110.6	 677	OK
 109	     0	78.0	109.1	 662	OK
 110	     0	77.7	108.8	 673	OK
 111	     0	75.4	107.2	 686	OK
 112	     0	76.1	109.2	 667	OK
 113	     0	77.3	108.4	 664	OK
 114	     0	78.5	109.2	 684	OK
 115	     0	77.5	106.1	 667	OK
 116	     0	74.4	103.8	 663	OK
 117	     0	74.2	104.4	 678	OK
 118	     0	77.7	106.7	 662	OK
 119	     0	76.4	107.3	 675	OK
 120	     0	76.6	108.7	 672	OK
 121	     0	75.2	108.8	 674	OK
 122	     0	74.9	105.6	 675	OK
 123	     0	79.0	110.6	 665	OK
 124	     0	77.6	110.2	 673	OK
 125	     0	77.1	108.6	 669	OK
 126	     0	75.6	105.5	 671	OK
 127	     0	79.2	111.2	 685	OK
 128	     0	72.7	103.3	 699	OK
 129	     0	74.3	103.9	 702	OK
 130	     0	72.7	104.8	 700	OK
 131	     0	72.6	105.2	 703	OK
 132	     0	74.2	105.7	 695	OK
 133	     0	71.7	102.6	 691	OK
 134	     0	69.5	100.4	 694	OK
 135	     0	69.6	100.9	 700	OK
 136	     0	70.1	100.0	 685	OK
 137	     0	72.8	102.7	 693	OK
 138	     0	71.2	101.4	 688	OK
 139	     0	70.6	101.0	 674	OK
 140	     0	71.7	102.6	 681	OK
 141	     0	69.9	99.1	 690	OK
 142	     0	69.3	100.1	 684	OK
 143	     0	70.0	101.5	 708	OK
 144	     0	70.5	100.9	 692	OK
 145	     0	69.6	100.3	 697	OK
 146	     0	70.5	102.2	 694	OK
 147	     0	69.2	98.7	 712	OK
 148	     0	70.4	100.6	 679	OK
 149	     0	67.4	99.7	 684	OK
 150	     0	67.5	97.3	 704	OK
 151	     0	70.4	101.2	 684	OK
 152	     0	68.6	98.5	 694	OK
 153	     0	69.0	100.3	 701	OK
 154	     0	71.1	101.9	 684	OK
 155	     0	69.3	100.5	 673	OK
 156	     0	67.7	97.3	 697	OK
 157	     0	69.1	100.5	 700	OK
 158	     0	66.4	98.0	 685	OK
 159	     0	69.6	99.7	 691	OK
 160	     0	68.4	100.3	 704	OK
 161	     0	67.8	97.6	 699	OK
 162	     0	72.3	102.0	 706	OK
 163	     0	69.9	102.8	 708	OK
 164	     0	69.4	100.2	 685	OK
 165	     0	69.8	99.8	 724	OK
 166	     0	69.6	101.1	 698	OK
 167	     0	66.2	97.1	 702	OK
 168	     0	71.2	102.3	 686	OK
 169	     0	72.9	104.8	 688	OK
 170	     0	70.3	102.2	 701	OK
 171	     0	72.7	101.6	 698	OK
 172	     0	67.4	97.1	 689	OK
 173	     0	68.9	101.0	 716	OK
 174	     0	70.8	102.9	 711	OK
 175	     0	69.9	101.3	 711	OK
 176	     0	70.0	100.3	 718	OK
 177	     0	71.3	100.7	 689	OK
 178	     0	72.3	105.1	 683	OK
 179	     0	69.6	101.5	 696	OK
 180	     0	68.4	100.0	 689	OK
 181	     0	69.4	100.6	 695	OK
 182	     0	73.7	103.3	 708	OK
 183	     0	70.9	102.1	 700	OK
 184	     0	66.2	96.9	 699	OK
 185	     0	68.5	100.7	 694	OK
 186	     0	71.1	102.1	 703	OK
 187	     0	69.7	102.3	 700	OK
 188	     0	69.8	100.2	 706	OK
 189	     0	71.7	103.4	 704	OK
 190	     0	72.9	104.1	 711	OK
 191	     0	72.0	102.2	 709	OK
 192	     0	70.6	101.7	 677	OK
 193	     0	70.0	100.4	 699	OK
 194	     0	70.7	103.2	 714	OK
 195	     0	71.6	103.6	 698	OK
 196	     0	70.0	102.2	 703	OK
 197	     0	71.3	102.9	 717	OK
 198	     0	69.3	101.4	 719	OK
 199	     0	68.3	99.9	 688	OK
 200	     0	69.8	98.9	 707	OK
 201	     0	70.6	101.5	 685	OK
 202	     0	68.6	101.1	 671	OK
 203	     0	68.1	97.7	 701	OK
 204	     0	69.6	100.8	 707	OK
 205	     0	69.2	100.5	 678	OK
 206	     0	67.7	98.0	 718	OK
 207	     0	68.8	99.8	 709	OK
 208	     0	68.5	100.7	 703	OK
 209	     0	69.4	101.0	 686	OK
 210	     0	68.2	99.4	 687	OK
 211	     0	69.3	101.2	 684	OK
 212	     0	68.7	99.4	 680	OK
 213	     0	71.5	102.3	 685	OK
 214	     0	70.6	101.7	 695	OK
 215	     0	68.4	99.9	 683	OK
 216	     0	65.1	97.4	 675	OK
 217	     0	68.4	98.8	 681	OK
 218	     0	68.5	98.2	 687	OK
 219	     0	70.2	100.3	 668	OK
 220	     0	69.2	102.0	 685	OK
 221	     0	68.6	98.9	 671	OK
 222	     0	70.4	101.8	 668	OK
 223	     0	70.6	102.0	 684	OK
 224	     0	68.5	99.2	 678	OK
 225	     0	68.3	100.7	 664	OK
 226	     0	65.3	96.1	 681	OK
 227	     0	71.6	102.1	 662	OK
 228	     0	67.6	99.4	 663	OK
 229	     0	69.9	100.1	 674	OK
 230	     0	69.1	100.7	 648	OK
 231	     0	68.0	99.0	 665	OK
 232	     0	69.0	100.0	 658	OK
 233	     0	71.3	103.1	 670	OK
 234	     0	68.3	98.8	 649	OK
 235	     0	69.1	100.2	 637	OK
 236	     0	68.8	98.5	 653	OK
 237	     0	68.2	98.5	 664	OK
 238	     0	69.4	99.4	 649	OK
 239	     0	71.3	103.9	 663	OK
 240	     0	71.3	101.9	 638	OK
 241	     0	70.4	100.5	 654	OK
 242	     0	70.5	101.7	 638	OK
 243	     0	69.7	101.9	 645	OK
 244	     0	70.8	100.7	 652	OK
 245	     0	68.4	99.5	 638	OK
 246	     0	69.4	99.7	 661	OK
 247	     0	69.1	102.8	 657	OK
 248	     0	68.1	99.4	 640	OK
 249	     0	71.4	103.6	 667	OK
 250	     0	69.6	102.0	 671	OK
 251	     0	70.5	102.3	 664	OK
 252	     0	70.8	104.9	 649	OK
 253	     0	71.1	101.2	 678	OK
 254	     0	69.7	101.9	 668	OK
 255	     0	70.3	102.1	 664	OK
 256	     0	81.1	114.4	 588	OK
 257	     0	80.0	114.5	 596	OK
 258	     0	80.1	114.5	 611	OK
 259	     0	81.9	114.8	 597	OK
 260	     0	82.8	115.2	 610	OK
 261	     0	81.9	114.2	 613	OK
 262	     0	82.1	114.4	 600	OK
 263	     0	81.0	112.9	 589	OK
 264	     0	79.8	110.8	 610	OK
 265	     0	80.7	115.2	 621	OK
 266	     0	80.3	112.3	 594	OK
 267	     0	81.5	116.3	 617	OK
 268	     0	82.7	115.5	 606	OK
 269	     0	80.5	111.7	 611	OK
 270	     0	81.4	115.5	 607	OK
 271	     0	83.0	115.9	 608	OK
 272	     0	80.5	113.4	 607	OK
 273	     0	83.4	117.6	 610	OK
 274	     0	81.3	113.2	 611	OK
 275	     0	81.3	112.3	 610	OK
 276	     0	79.9	114.9	 606	OK
 277	     0	80.4	113.6	 618	OK
 278	     0	79.9	111.0	 622	OK
 279	     0	79.6	113.4	 619	OK
 280	     0	81.1	114.9	 604	OK
 281	     0	79.6	113.8	 617	OK
 282	     0	79.7	111.8	 608	OK
 283	     0	83.1	116.5	 603	OK
 284	     0	83.9	117.9	 605	OK
 285	     0	81.3	113.8	 605	OK
 286	     0	80.2	114.4	 607	OK
 287	     0	77.8	110.5	 602	OK
 288	     0	78.7	109.4	 618	OK
 289	     0	81.0	114.1	 620	OK
 290	     0	81.6	113.6	 620	OK
 291	     0	78.9	112.1	 611	OK
 292	     0	81.3	112.2	 620	OK
 293	     0	80.4	113.7	 602	OK
 294	     0	86.0	116.6	 605	OK
 295	     0	83.1	113.8	 612	OK
 296	     0	81.2	113.9	 615	OK
 297	     0	81.4	113.9	 621	OK
 298	     0	81.0	113.2	 627	OK
 299	     0	78.1	111.0	 622	OK
 300	     0	78.5	109.2	 635	OK
 301	     0	77.2	108.4	 633	OK
 302	     0	81.4	115.1	 622	OK
 303	     0	83.3	115.2	 613	OK
 304	     0	81.9	112.9	 625	OK
 305	     0	79.7	112.0	 626	OK
 306	     0	80.0	111.9	 632	OK
 307	     0	78.9	113.7	 624	OK
 308	     0	79.1	112.3	 629	OK
 309	     0	79.5	113.7	 612	OK
 310	     0	76.9	109.5	 614	OK
 311	     0	80.3	113.2	 624	OK
 312	     0	78.0	109.7	 623	OK
 313	     0	80.4	114.6	 620	OK
 314	     0	81.5	114.5	 620	OK
 315	     0	79.1	111.7	 632	OK
 316	     0	80.1	112.2	 624	OK
 317	     0	79.7	112.2	 627	OK
 318	     0	80.6	114.0	 646	OK
 319	     0	81.5	115.4	 611	OK
 320	     0	79.8	110.9	 623	OK
 321	     0	80.8	112.6	 611	OK
 322	     0	78.1	110.8	 627	OK
 323	     0	76.8	108.5	 640	OK
 324	     0	75.5	107.7	 608	OK
 325	     0	77.2	108.6	 637	OK
 326	     0	80.2	112.6	 610	OK
 327	     0	78.2	109.7	 612	OK
 328	     0	79.2	111.6	 637	OK
 329	     0	78.1	110.5	 619	OK
 330	     0	78.2	109.2	 625	OK
 331	     0	78.1	110.8	 619	OK
 332	     0	79.9	110.0	 601	OK
 333	     0	79.5	112.1	 617	OK
 334	     0	77.3	108.9	 638	OK
 335	     0	77.3	107.3	 626	OK
 336	     0	79.6	112.9	 640	OK
 337	     0	80.0	111.5	 617	OK
 338	     0	77.9	109.6	 632	OK
 339	     0	78.4	112.3	 626	OK
 340	     0	77.0	110.2	 618	OK
 341	     0	77.8	111.9	 637	OK
 342	     0	79.5	110.6	 610	OK
 343	     0	80.7	112.3	 628	OK
 344	     0	78.1	111.4	 623	OK
 345	     0	80.5	113.0	 614	OK
 346	     0	79.1	109.4	 634	OK
 347	     0	78.4	111.6	 626	OK
 348	     0	78.5	110.9	 620	OK
 349	     0	77.1	109.1	 628	OK
 350	     0	78.4	110.7	 626	OK
 351	     0	78.2	111.4	 638	OK
 352	     0	77.3	108.4	 606	OK
 353	     0	79.9	112.3	 625	OK
 354	     0	76.6	108.4	 640	OK
 355	     0	79.2	111.5	 640	OK
 356	     0	76.6	106.9	 641	OK
 357	     0	76.1	109.5	 647	OK
 358	     0	77.0	108.3	 615	OK
 359	     0	78.6	112.9	 632	OK
 360	     0	80.2	112.7	 645	OK
 361	     0	77.6	108.2	 639	OK
 362	     0	76.2	106.5	 629	OK
 363	     0	79.7	111.5	 649	OK
 364	     0	76.9	109.4	 628	OK
 365	     0	77.0	111.4	 649	OK
 366	     0	79.9	111.3	 632	OK
 367	     0	78.4	110.7	 642	OK
 368	     0	78.8	111.7	 635	OK
 369	     0	78.7	108.9	 626	OK
 370	     0	80.0	110.9	 635	OK
 371	     0	79.3	110.2	 654	OK
 372	     0	77.0	109.8	 649	OK
 373	     0	79.2	110.3	 631	OK
 374	     0	77.8	110.3	 639	OK
 375	     0	79.1	111.9	 629	OK
 376	     0	77.6	109.7	 642	OK
 377	     0	75.6	110.3	 660	OK
 378	     0	76.3	105.8	 633	OK
 379	     0	77.6	110.0	 632	OK
 380	     0	79.9	110.0	 638	OK
 381	     0	77.6	109.2	 640	OK
 382	     0	75.8	108.6	 651	OK
 383	     0	77.9	109.2	 644	OK
 384	     0	79.6	112.8	 672	OK
 385	     0	75.5	106.6	 668	OK
 386	     0	75.0	108.3	 671	OK
 387	     0	77.0	107.4	 676	OK
 388	     0	77.1	108.5	 663	OK
 389	     0	77.8	111.6	 674	OK
 390	     0	77.9	110.7	 673	OK
 391	     0	79.3	112.3	 678	OK
 392	     0	77.3	109.4	 677	OK
 393	     0	78.2	110.8	 666	OK
 394	     0	77.1	109.8	 657	OK
 395	     0	75.9	107.2	 656	OK
 396	     0	74.8	106.9	 678	OK
 397	     0	78.6	111.0	 652	OK
 398	     0	80.6	112.1	 668	OK
 399	     0	77.4	110.1	 666	OK
 400	     0	79.1	112.5	 648	OK
 401	     0	76.4	107.9	 653	OK
 402	     0	75.5	107.8	 665	OK
 403	     0	74.7	106.4	 669	OK
 404	     0	77.2	107.6	 663	OK
 405	     0	75.6	108.5	 668	OK
 406	     0	77.7	109.6	 660	OK
 407	     0	75.2	107.4	 661	OK
 408	     0	77.4	110.2	 658	OK
 409	     0	73.0	106.1	 645	OK
 410	     0	76.1	109.1	 675	OK
 411	     0	79.6	110.9	 639	OK
 412	     0	75.7	107.5	 645	OK
 413	     0	76.6	109.0	 661	OK
 414	     0	78.0	110.2	 652	OK
 415	     0	74.7	105.2	 664	OK
 416	     0	75.5	108.1	 657	OK
 417	     0	76.7	108.6	 633	OK
 418	     0	77.9	109.4	 669	OK
 419	     0	75.4	107.4	 665	OK
 420	     0	75.3	106.4	 657	OK
 421	     0	75.3	106.6	 647	OK
 422	     0	77.1	107.5	 661	OK
 423	     0	75.8	108.4	 666	OK
 424	     0	75.9	107.7	 667	OK
 425	     0	75.5	107.2	 650	OK
 426	     0	75.1	107.2	 647	OK
 427	     0	76.9	108.7	 643	OK
 428	     0	76.4	108.3	 636	OK
 429	     0	76.1	107.7	 654	OK
 430	     0	73.5	107.0	 644	OK
 431	     0	75.3	105.7	 643	OK
 432	     0	73.1	105.3	 655	OK
 433	     0	75.1	106.6	 636	OK
 434	     0	77.0	110.9	 642	OK
 435	     0	76.1	107.6	 644	OK
 436	     0	74.4	106.8	 645	OK
 437	     0	74.5	106.7	 639	OK
 438	     0	77.0	109.8	 634	OK
 439	     0	77.9	108.4	 646	OK
 440	     0	76.0	107.8	 653	OK
 441	     0	77.0	109.4	 643	OK
 442	     0	76.6	108.8	 633	OK
 443	     0	74.4	109.3	 665	OK
 444	     0	76.4	107.5	 620	OK
 445	     0	73.0	106.4	 631	OK
 446	     0	75.4	105.8	 675	OK
 447	     0	76.9	109.7	 641	OK
 448	     0	73.6	107.0	 634	OK
 449	     0	74.4	107.0	 635	OK
 450	     0	72.3	106.1	 619	OK
 451	     0	74.0	107.2	 650	OK
 452	     0	72.9	105.5	 629	OK
 453	     0	72.7	104.6	 641	OK
 454	     0	73.4	106.5	 646	OK
 455	     0	75.1	109.1	 643	OK
 456	     0	74.0	104.8	 628	OK
 457	     0	75.7	110.0	 630	OK
 458	     0	72.7	103.1	 633	OK
 459	     0	74.6	106.4	 640	OK
 460	     0	73.5	106.2	 656	OK
 461	     0	74.0	106.0	 641	OK
 462	     0	75.7	108.7	 655	OK
 463	     0	72.1	103.3	 644	OK
 464	     0	74.0	103.7	 656	OK
 465	     0	75.2	106.5	 647	OK
 466	     0	73.9	106.2	 642	OK
 467	     0	73.2	105.4	 626	OK
 468	     0	74.4	106.8	 661	OK
 469	     0	73.8	107.0	 644	OK
 470	     0	74.6	107.4	 632	OK
 471	     0	74.7	107.7	 626	OK
 472	     0	73.8	106.6	 666	OK
 473	     0	74.6	106.1	 643	OK
 474	     0	74.8	108.4	 644	OK
 475	     0	72.5	102.9	 651	OK
 476	     0	75.9	108.0	 643	OK
 477	     0	75.4	108.5	 643	OK
 478	     0	71.8	103.4	 613	OK
 479	     0	72.7	103.9	 659	OK
 480	     0	75.5	106.4	 654	OK
 481	     0	72.3	103.5	 648	OK
 482	     0	73.5	106.5	 633	OK
 483	     0	74.8	106.3	 647	OK
 484	     0	73.7	106.5	 647	OK
 485	     0	76.8	110.5	 635	OK
 486	     0	73.5	103.8	 643	OK
 487	     0	72.9	105.4	 645	OK
 488	     0	73.0	105.1	 634	OK
 489	     0	72.9	106.1	 634	OK
 490	     0	75.2	106.7	 649	OK
 491	     0	73.2	106.4	 638	OK
 492	     0	73.6	107.3	 645	OK
 493	     0	74.2	107.8	 632	OK
 494	     0	75.2	106.4	 658	OK
 495	     0	74.6	104.9	 640	OK
 496	     0	77.1	110.5	 632	OK
 497	     0	73.3	106.8	 628	OK
 498	     0	74.1	104.5	 643	OK
 499	     0	73.3	104.1	 653	OK
 500	     0	72.8	105.0	 659	OK
 501	     0	74.7	107.5	 645	OK
 502	     0	73.7	104.5	 668	OK
 503	     0	73.8	106.2	 652	OK
 504	     0	72.1	103.3	 660	OK
 505	     0	72.1	103.6	 657	OK
 506	     0	75.4	105.5	 653	OK
 507	     0	75.0	106.2	 653	OK
 508	     0	74.7	105.7	 651	OK
 509	     0	74.3	106.2	 655	OK
 510	     0	74.0	102.9	 640	OK
 511	     0	74.4	105.7	 671	OK
 512	     0	76.4	108.7	 663	OK
 513	     0	78.6	111.5	 671	OK
 514	     0	75.7	107.9	 669	OK
 515	     0	78.4	110.2	 648	OK
 516	     0	79.1	110.3	 670	OK
 517	     0	78.5	110.2	 651	OK
 518	     0	77.5	109.7	 670	OK
 519	     0	79.6	108.3	 653	OK
 520	     0	78.3	110.9	 661	OK
 521	     0	77.8	111.8	 686	OK
 522	     0	74.9	107.1	 667	OK
 523	     0	77.4	109.2	 681	OK
 524	     0	77.3	108.1	 669	OK
 525	     0	78.6	110.7	 670	OK
 526	     0	78.9	110.9	 660	OK
 527	     0	77.4	109.7	 654	OK
 528	     0	75.6	106.2	 667	OK
 529	     0	76.5	108.1	 656	OK
 530	     0	78.2	109.0	 649	OK
 531	     0	77.6	108.4	 654	OK
 532	     0	78.0	109.8	 667	OK
 533	     0	75.7	105.7	 668	OK
 534	     0	76.0	106.1	 665	OK
 535	     0	74.2	107.1	 657	OK
 536	     0	78.1	110.0	 642	OK
 537	     0	77.4	110.2	 664	OK
 538	     0	78.1	110.5	 670	OK
 539	     0	78.2	108.4	 650	OK
 540	     0	76.8	108.5	 663	OK
 541	     0	76.5	107.0	 666	OK
 542	     0	77.7	108.3	 666	OK
 543	     0	76.1	107.3	 658	OK
 544	     0	79.0	111.7	 670	OK
 545	     0	77.3	109.6	 670	OK
 546	     0	76.4	108.5	 663	OK
 547	     0	76.3	107.1	 674	OK
 548	     0	75.2	105.5	 662	OK
 549	     0	79.6	112.3	 672	OK
 550	     0	78.0	106.8	 660	OK
 551	     0	76.0	109.5	 678	OK
 552	     0	75.6	108.1	 679	OK
 553	     0	77.1	107.6	 645	OK
 554	     0	78.9	110.2	 652	OK
 555	     0	77.0	108.1	 675	OK
 556	     0	75.3	106.3	 689	OK
 557	     0	81.0	112.1	 671	OK
 558	     0	76.4	106.5	 672	OK
 559	     0	75.9	105.7	 675	OK
 560	     0	79.0	112.9	 670	OK
 561	     0	76.5	106.9	 658	OK
 562	     0	78.2	112.2	 676	OK
 563	     0	76.3	106.6	 677	OK
 564	     0	77.4	108.2	 666	OK
 565	     0	74.4	106.2	 673	OK
 566	     0	76.0	106.2	 657	OK
 567	     0	75.0	105.4	 664	OK
 568	     0	79.2	110.7	 672	OK
 569	     0	75.8	107.7	 665	OK
 570	     0	80.8	113.7	 663	OK
 571	     0	76.1	109.1	 662	OK
 572	     0	75.4	106.4	 662	OK
 573	     0	77.7	110.0	 681	OK
 574	     0	78.4	109.7	 668	OK
 575	     0	80.8	111.3	 670	OK
 576	     0	78.1	109.7	 675	OK
 577	     0	76.6	109.6	 661	OK
 578	     0	74.3	106.8	 665	OK
 579	     0	76.8	109.7	 650	OK
 580	     0	76.1	106.3	 662	OK
 581	     0	76.3	108.0	 675	OK
 582	     0	79.0	111.2	 660	OK
 583	     0	76.2	109.0	 662	OK
 584	     0	74.5	107.4	 659	OK
 585	     0	76.4	109.3	 659	OK
 586	     0	76.9	106.4	 673	OK
 587	     0	74.1	106.7	 651	OK
 588	     0	73.2	106.0	 649	OK
 589	     0	74.8	105.7	 657	OK
 590	     0	75.3	105.8	 663	OK
 591	     0	77.2	107.9	 645	OK
 592	     0	77.7	109.3	 647	OK
 593	     0	75.4	109.2	 651	OK
 594	     0	77.4	107.2	 640	OK
 595	     0	75.7	106.1	 648	OK
 596	     0	76.3	106.8	 650	OK
 597	     0	80.6	111.8	 651	OK
 598	     0	79.1	109.3	 649	OK
 599	     0	75.3	107.3	 651	OK
 600	     0	77.1	110.1	 650	OK
 601	     0	79.4	111.7	 658	OK
 602	     0	79.2	109.4	 648	OK
 603	     0	77.5	108.6	 642	OK
 604	     0	75.2	109.0	 657	OK
 605	     0	77.7	108.4	 648	OK
 606	     0	76.4	108.3	 622	OK
 607	     0	76.6	108.6	 654	OK
 608	     0	75.7	107.0	 629	OK
 609	     0	75.5	107.3	 638	OK
 610	     0	78.3	110.3	 650	OK
 611	     0	75.7	107.8	 651	OK
 612	     0	75.9	107.8	 660	OK
 613	     0	76.2	107.9	 631	OK
 614	     0	78.3	111.1	 667	OK
 615	     0	74.8	105.3	 641	OK
 616	     0	75.0	105.7	 648	OK
 617	     0	74.2	107.7	 644	OK
 618	     0	77.9	109.7	 645	OK
 619	     0	75.8	105.9	 636	OK
 620	     0	74.1	105.8	 645	OK
 621	     0	75.8	107.2	 645	OK
 622	     0	74.9	107.8	 644	OK
 623	     0	75.5	109.0	 643	OK
 624	     0	76.6	106.3	 669	OK
 625	     0	78.5	109.9	 630	OK
 626	     0	78.5	108.3	 631	OK
 627	     0	76.8	108.5	 645	OK
 628	     0	76.5	107.5	 653	OK
 629	     0	77.5	107.4	 653	OK
 630	     0	72.5	104.8	 627	OK
 631	     0	77.1	108.4	 647	OK
 632	     0	78.6	110.6	 661	OK
 633	     0	78.0	107.9	 663	OK
 634	     0	74.1	105.4	 645	OK
 635	     0	79.5	112.6	 636	OK
 636	     0	77.9	109.3	 650	OK
 637	     0	75.8	105.9	 655	OK
 638	     0	77.6	109.5	 650	OK
 639	     0	76.0	107.1	 636	OK
 640	     0	79.5	112.7	 640	OK
 641	     0	81.2	112.2	 628	OK
 642	     0	84.6	118.0	 645	OK
 643	     0	79.7	112.5	 654	OK
 644	     0	77.3	109.4	 635	OK
 645	     0	80.7	114.8	 637	OK
 646	     0	81.2	114.9	 643	OK
 647	     0	80.0	112.4	 634	OK
 648	     0	80.8	113.5	 631	OK
 649	     0	80.3	112.9	 642	OK
 650	     0	82.6	116.2	 646	OK
 651	     0	80.7	111.5	 632	OK
 652	     0	79.2	111.5	 631	OK
 653	     0	79.2	112.2	 639	OK
 654	     0	80.7	111.5	 632	OK
 655	     0	79.9	110.6	 645	OK
 656	     0	80.4	111.2	 639	OK
 657	     0	78.7	111.1	 635	OK
 658	     0	82.0	113.9	 643	OK
 659	     0	80.4	111.1	 634	OK
 660	     0	80.0	112.1	 647	OK
 661	     0	80.4	113.2	 651	OK
 662	     0	79.9	113.4	 650	OK
 663	     0	81.8	112.3	 646	OK
 664	     0	80.1	111.3	 644	OK
 665	     0	80.9	112.7	 632	OK
 666	     0	78.6	111.4	 629	OK
 667	     0	79.5	109.7	 639	OK
 668	     0	81.1	111.2	 651	OK
 669	     0	78.6	109.7	 618	OK
 670	     0	82.8	112.1	 656	OK
 671	     0	82.7	114.6	 654	OK
 672	     0	81.1	114.5	 644	OK
 673	     0	79.8	112.4	 630	OK
 674	     0	81.8	115.0	 648	OK
 675	     0	78.8	109.9	 650	OK
 676	     0	80.5	110.7	 652	OK
 677	     0	78.5	111.9	 628	OK
 678	     0	81.9	115.1	 653	OK
 679	     0	80.3	114.0	 640	OK
 680	     0	79.9	112.9	 652	OK
 681	     0	81.5	111.7	 644	OK
 682	     0	79.3	110.7	 657	OK
 683	     0	81.3	113.5	 645	OK
 684	     0	76.4	107.8	 651	OK
 685	     0	80.1	114.1	 630	OK
 686	     0	75.9	108.2	 641	OK
 687	     0	79.5	110.1	 647	OK
 688	     0	80.6	113.5	 644	OK
 689	     0	80.8	112.4	 631	OK
 690	     0	79.5	111.8	 633	OK
 691	     0	81.0	111.6	 643	OK
 692	     0	79.4	112.5	 653	OK
 693	     0	81.9	116.7	 655	OK
 694	     0	81.7	114.2	 650	OK
 695	     0	80.4	113.5	 639	OK
 696	     0	78.7	112.3	 644	OK
 697	     0	80.7	112.1	 659	OK
 698	     0	81.2	115.1	 637	OK
 699	     0	82.6	114.0	 645	OK
 700	     0	78.6	109.2	 636	OK
 701	     0	82.2	113.2	 650	OK
 702	     0	82.0	114.8	 649	OK
 703	     0	78.3	109.9	 640	OK
 704	     0	80.9	113.6	 639	OK
 705	     0	80.5	113.8	 633	OK
 706	     0	80.5	113.7	 642	OK
 707	     0	82.0	116.3	 621	OK
 708	     0	78.2	108.4	 646	OK
 709	     0	81.7	113.0	 655	OK
 710	     0	81.3	113.8	 645	OK
 711	     0	80.7	112.7	 637	OK
 712	     0	80.9	112.9	 642	OK
 713	     0	80.7	112.6	 635	OK
 714	     0	78.6	111.3	 631	OK
 715	     0	80.2	113.6	 639	OK
 716	     0	80.9	113.5	 644	OK
 717	     0	81.4	113.4	 636	OK
 718	     0	78.3	110.0	 645	OK
 719	     0	82.5	112.9	 649	OK
 720	     0	80.7	111.9	 620	OK
 721	     0	81.7	112.7	 625	OK
 722	     0	81.1	110.8	 631	OK
 723	     0	82.5	115.7	 630	OK
 724	     0	79.2	112.4	 639	OK
 725	     0	80.4	113.4	 624	OK
 726	     0	79.5	111.8	 632	OK
 727	     0	81.0	113.9	 626	OK
 728	     0	81.4	111.6	 611	OK
 729	     0	81.6	114.0	 634	OK
 730	     0	78.2	110.7	 647	OK
 731	     0	82.2	116.5	 648	OK
 732	     0	80.5	113.7	 638	OK
 733	     0	78.7	110.9	 644	OK
 734	     0	81.2	112.4	 647	OK
 735	     0	79.2	110.5	 636	OK
 736	     0	78.5	109.5	 612	OK
 737	     0	81.1	112.7	 636	OK
 738	     0	79.9	113.5	 633	OK
 739	     0	80.1	111.3	 640	OK
 740	     0	80.7	112.5	 629	OK
 741	     0	80.3	112.0	 619	OK
 742	     0	81.8	113.3	 646	OK
 743	     0	80.5	112.2	 657	OK
 744	     0	79.2	110.2	 620	OK
 745	     0	84.0	116.8	 628	OK
 746	     0	79.8	111.4	 625	OK
 747	     0	81.4	111.9	 617	OK
 748	     0	82.0	113.5	 631	OK
 749	     0	80.5	112.5	 625	OK
 750	     0	80.6	113.4	 647	OK
 751	     0	82.5	115.3	 625	OK
 752	     0	79.1	111.9	 636	OK
 753	     0	80.3	112.7	 641	OK
 754	     0	82.1	114.2	 645	OK
 755	     0	81.9	113.5	 612	OK
 756	     0	81.1	114.2	 655	OK
 757	     0	80.1	114.0	 616	OK
 758	     0	80.7	111.2	 627	OK
 759	     0	78.8	109.7	 595	OK
 760	     0	80.8	110.3	 640	OK
 761	     0	81.3	115.2	 642	OK
 762	     0	82.7	113.2	 632	OK
 763	     0	79.6	110.5	 632	OK
 764	     0	81.3	113.6	 618	OK
 765	     0	80.2	111.6	 625	OK
 766	     0	82.4	112.0	 611	OK
 767	     0	79.4	110.9	 635	OK
 768	     0	80.0	111.1	 642	OK
 769	     0	77.9	109.0	 632	OK
 770	     0	78.3	109.3	 644	OK
 771	     0	78.4	108.3	 643	OK
 772	     0	78.5	108.7	 650	OK
 773	     0	77.0	108.5	 627	OK
 774	     0	76.9	108.8	 632	OK
 775	     0	78.9	110.2	 635	OK
 776	     0	78.4	108.9	 628	OK
 777	     0	77.3	108.1	 625	OK
 778	     0	76.4	107.1	 607	OK
 779	     0	77.0	107.7	 628	OK
 780	     0	76.1	108.7	 630	OK
 781	     0	77.9	107.8	 639	OK
 782	     0	78.8	110.8	 645	OK
 783	     0	79.7	109.6	 640	OK
 784	     0	78.5	111.3	 621	OK
 785	     0	79.0	109.4	 642	OK
 786	     0	78.3	110.5	 645	OK
 787	     0	78.2	111.0	 618	OK
 788	     0	76.5	109.1	 640	OK
 789	     0	76.8	109.7	 626	OK
 790	     0	75.7	106.9	 654	OK
 791	     0	77.7	109.3	 627	OK
 792	     0	76.6	109.2	 636	OK
 793	     0	74.0	107.9	 652	OK
 794	     0	79.5	111.6	 622	OK
 795	     0	77.7	108.5	 628	OK
 796	     0	78.6	108.3	 619	OK
 797	     0	76.5	108.2	 621	OK
 798	     0	75.6	105.2	 627	OK
 799	     0	73.5	105.4	 628	OK
 800	     0	77.9	110.0	 641	OK
 801	     0	77.2	107.0	 614	OK
 802	     0	76.9	107.1	 641	OK
 803	     0	77.7	108.5	 636	OK
 804	     0	76.5	107.1	 637	OK
 805	     0	77.3	108.9	 618	OK
 806	     0	78.0	110.7	 632	OK
 807	     0	75.2	108.0	 633	OK
 808	     0	74.2	105.2	 647	OK
 809	     0	75.1	106.2	 626	OK
 810	     0	77.9	107.8	 639	OK
 811	     0	76.9	108.9	 638	OK
 812	     0	75.9	107.7	 648	OK
 813	     0	77.9	107.5	 645	OK
 814	     0	72.9	102.4	 636	OK
 815	     0	76.7	110.7	 641	OK
 816	     0	75.5	106.8	 665	OK
 817	     0	77.9	108.9	 640	OK
 818	     0	76.2	105.8	 645	OK
 819	     0	78.2	108.9	 633	OK
 820	     0	76.4	108.1	 647	OK
 821	     0	74.7	106.2	 635	OK
 822	     0	77.3	108.1	 645	OK
 823	     0	79.1	111.9	 631	OK
 824	     0	78.0	108.6	 627	OK
 825	     0	75.5	106.0	 645	OK
 826	     0	78.1	110.4	 634	OK
 827	     0	77.6	107.5	 652	OK
 828	     0	77.4	107.5	 631	OK
 829	     0	77.4	109.9	 631	OK
 830	     0	78.8	109.3	 640	OK
 831	     0	78.1	108.8	 628	OK
 832	     0	80.7	111.6	 637	OK
 833	     0	78.0	110.8	 637	OK
 834	     0	78.1	110.8	 638	OK
 835	     0	77.3	109.9	 627	OK
 836	     0	78.0	109.9	 614	OK
 837	     0	77.1	110.1	 624	OK
 838	     0	76.0	105.7	 627	OK
 839	     0	77.0	106.3	 621	OK
 840	     0	73.8	105.1	 619	OK
 841	     0	74.8	105.9	 612	OK
 842	     0	75.3	106.6	 639	OK
 843	     0	81.2	111.2	 627	OK
 844	     0	76.7	107.9	 628	OK
 845	     0	78.3	112.1	 622	OK
 846	     0	75.2	105.3	 625	OK
 847	     0	75.9	105.9	 633	OK
 848	     0	76.6	107.1	 635	OK
 849	     0	77.2	108.1	 627	OK
 850	     0	78.8	109.7	 630	OK
 851	     0	76.4	109.4	 615	OK
 852	     0	76.6	108.8	 619	OK
 853	     0	76.7	107.1	 608	OK
 854	     0	78.2	109.0	 597	OK
 855	     0	78.5	109.3	 622	OK
 856	     0	78.6	109.3	 610	OK
 857	     0	78.8	109.3	 606	OK
 858	     0	76.2	106.7	 593	OK
 859	     0	75.5	108.7	 599	OK
 860	     0	77.0	110.1	 609	OK
 861	     0	77.0	107.9	 606	OK
 862	     0	75.1	105.5	 585	OK
 863	     0	78.6	110.0	 608	OK
 864	     0	82.3	113.8	 600	OK
 865	     0	75.5	106.8	 592	OK
 866	     0	78.1	109.5	 605	OK
 867	     0	74.5	104.4	 606	OK
 868	     0	77.0	107.9	 591	OK
 869	     0	78.1	110.7	 584	OK
 870	     0	78.8	112.5	 605	OK
 871	     0	75.3	104.7	 603	OK
 872	     0	76.7	109.0	 591	OK
 873	     0	78.5	111.3	 588	OK
 874	     0	78.9	110.8	 610	OK
 875	     0	75.2	106.5	 585	OK
 876	     0	75.5	107.3	 604	OK
 877	     0	77.0	108.0	 612	OK
 878	     0	80.6	111.7	 604	OK
 879	     0	76.0	106.5	 599	OK
 880	     0	77.8	108.5	 605	OK
 881	     0	77.5	108.9	 599	OK
 882	     0	79.3	111.5	 581	OK
 883	     0	79.4	111.6	 591	OK
 884	     0	77.5	109.8	 598	OK
 885	     0	75.5	104.5	 593	OK
 886	     0	78.7	111.5	 593	OK
 887	     0	78.6	110.6	 601	OK
 888	     0	79.8	113.6	 581	OK
 889	     0	75.9	108.6	 602	OK
 890	     0	76.9	107.1	 591	OK
 891	     0	78.3	112.8	 599	OK
 892	     0	78.6	111.8	 604	OK
 893	     0	80.0	110.4	 602	OK
 894	     0	79.7	112.1	 579	OK
 895	     0	75.7	107.6	 597	OK
 896	     0	78.0	109.3	 612	OK
 897	     0	80.2	113.7	 621	OK
 898	     0	80.1	112.5	 606	OK
 899	     0	81.7	115.8	 619	OK
 900	     0	82.0	114.6	 629	OK
 901	     0	76.4	109.5	 636	OK
 902	     0	80.6	112.7	 639	OK
 903	     0	77.3	111.1	 623	OK
 904	     0	76.6	107.6	 632	OK
 905	     0	80.8	113.0	 647	OK
 906	     0	80.8	113.1	 627	OK
 907	     0	78.4	110.6	 628	OK
 908	     0	81.4	114.2	 641	OK
 909	     0	78.3	109.0	 628	OK
 910	     0	78.9	112.6	 632	OK
 911	     0	76.8	110.0	 628	OK
 912	     0	74.1	107.5	 637	OK
 913	     0	77.8	108.9	 618	OK
 914	     0	75.7	107.9	 620	OK
 915	     0	78.4	111.0	 623	OK
 916	     0	79.8	113.1	 629	OK
 917	     0	78.7	110.3	 649	OK
 918	     0	78.4	110.8	 620	OK
 919	     0	78.5	109.0	 641	OK
 920	     0	77.7	109.6	 622	OK
 921	     0	77.7	109.5	 625	OK
 922	     0	77.1	109.7	 650	OK
 923	     0	77.3	109.6	 632	OK
 924	     0	78.3	109.4	 636	OK
 925	     0	79.1	110.2	 646	OK
 926	     0	78.4	111.4	 620	OK
 927	     0	78.7	109.5	 629	OK
 928	     0	79.0	111.1	 624	OK
 929	     0	78.2	109.2	 624	OK
 930	     0	75.6	108.3	 647	OK
 931	     0	78.3	109.4	 643	OK
 932	     0	77.8	109.1	 629	OK
 933	     0	80.1	112.6	 633	OK
 934	     0	81.0	113.7	 625	OK
 935	     0	75.5	105.8	 621	OK
 936	     0	77.7	109.0	 645	OK
 937	     0	78.9	111.1	 619	OK
 938	     0	74.3	108.0	 644	OK
 939	     0	77.6	110.7	 627	OK
 940	     0	79.9	111.7	 619	OK
 941	     0	76.6	107.9	 640	OK
 942	     0	79.5	112.5	 644	OK
 943	     0	80.7	111.3	 645	OK
 944	     0	80.3	111.6	 625	OK
 945	     0	78.6	109.2	 638	OK
 946	     0	75.9	108.5	 643	OK
 947	     0	77.7	108.7	 658	OK
 948	     0	80.2	113.0	 647	OK
 949	     0	78.0	109.9	 635	OK
 950	     0	80.3	114.2	 640	OK
 951	     0	79.5	112.3	 654	OK
 952	     0	76.6	108.5	 634	OK
 953	     0	76.4	109.0	 647	OK
 954	     0	79.8	113.1	 647	OK
 955	     0	77.9	110.0	 655	OK
 956	     0	77.8	111.8	 646	OK
 957	     0	77.4	108.1	 657	OK
 958	     0	77.2	109.4	 640	OK
 959	     0	76.3	108.7	 637	OK
 960	     0	74.3	107.5	 648	OK
 961	     0	79.4	111.3	 659	OK
 962	     0	77.3	111.9	 654	OK
 963	     0	74.4	107.7	 637	OK
 964	     0	77.2	108.9	 651	OK
 965	     0	79.0	111.1	 625	OK
 966	     0	76.8	108.4	 637	OK
 967	     0	76.0	107.2	 646	OK
 968	     0	76.3	107.1	 639	OK
 969	     0	77.1	109.4	 651	OK
 970	     0	80.3	112.0	 649	OK
 971	     0	78.6	110.5	 656	OK
 972	     0	75.6	108.9	 639	OK
 973	     0	75.9	109.0	 620	OK
 974	     0	77.1	108.7	 656	OK
 975	     0	82.2	116.1	 641	OK
 976	     0	77.5	108.2	 635	OK
 977	     0	80.1	112.0	 628	OK
 978	     0	80.6	112.8	 641	OK
 979	     0	77.9	109.7	 630	OK
 980	     0	74.8	106.8	 645	OK
 981	     0	78.1	109.2	 645	OK
 982	     0	78.6	110.8	 629	OK
 983	     0	79.5	113.2	 636	OK
 984	     0	78.4	110.9	 631	OK
 985	     0	77.0	110.5	 650	OK
 986	     0	78.6	109.7	 635	OK
 987	     0	76.3	109.1	 635	OK
 988	     0	80.9	113.3	 640	OK
 989	     0	77.7	108.4	 631	OK
 990	     0	78.9	110.4	 625	OK
 991	     0	77.9	109.8	 635	OK
 992	     0	78.1	110.2	 640	OK
 993	     0	79.0	110.7	 631	OK
 994	     0	79.3	111.0	 628	OK
 995	     0	76.4	109.0	 631	OK
 996	     0	80.9	113.7	 649	OK
 997	     0	75.6	106.1	 633	OK
 998	     0	78.6	108.6	 626	OK
 999	     0	76.6	106.9	 631	OK
1000	     0	76.7	107.7	 651	OK
1001	     0	75.9	107.6	 627	OK
1002	     0	77.4	109.8	 612	OK
1003	     0	73.2	107.3	 631	OK
1004	     0	81.1	113.0	 637	OK
1005	     0	77.4	110.0	 643	OK
1006	     0	79.3	112.3	 628	OK
1007	     0	78.2	112.4	 631	OK
1008	     0	77.2	109.7	 646	OK
1009	     0	77.1	109.4	 640	OK
1010	     0	78.9	110.6	 639	OK
1011	     0	78.6	110.0	 632	OK
1012	     0	79.1	111.6	 634	OK
1013	     0	76.8	110.6	 654	OK
1014	     0	78.7	109.6	 635	OK
1015	     0	80.2	113.6	 615	OK
1016	     0	78.2	110.5	 635	OK
1017	     0	77.9	111.0	 620	OK
1018	     0	78.8	112.6	 637	OK
1019	     0	82.0	114.5	 634	OK
1020	     0	77.5	110.8	 649	OK
1021	     0	78.5	111.5	 607	OK
1022	     0	79.0	110.9	 643	OK
1023	     0	78.6	110.4	 636	OK
1024	     0	75.0	106.5	 644	OK
1025	     0	76.6	110.8	 636	OK
1026	     0	76.2	108.0	 630	OK
1027	     0	76.3	110.0	 630	OK
1028	     0	77.0	109.7	 631	OK
1029	     0	75.3	105.4	 628	OK
1030	     0	77.2	108.6	 650	OK
1031	     0	79.2	110.0	 624	OK
1032	     0	77.2	110.8	 629	OK
1033	     0	75.5	108.1	 637	OK
1034	     0	76.4	108.1	 648	OK
1035	     0	77.9	109.2	 617	OK
1036	     0	77.1	110.5	 623	OK
1037	     0	77.0	111.2	 631	OK
1038	     0	78.4	111.3	 635	OK
1039	     0	78.9	109.3	 620	OK
1040	     0	77.2	109.8	 622	OK
1041	     0	75.8	109.8	 618	OK
1042	     0	75.5	106.9	 630	OK
1043	     0	77.1	110.7	 622	OK
1044	     0	75.1	107.1	 628	OK
1045	     0	73.3	106.4	 628	OK
1046	     0	73.9	107.6	 624	OK
1047	     0	74.6	105.6	 626	OK
1048	     0	77.0	109.3	 634	OK
1049	     0	79.2	112.2	 640	OK
1050	     0	76.2	108.1	 637	OK
1051	     0	76.0	107.2	 641	OK
1052	     0	75.4	107.1	 625	OK
1053	     0	77.7	111.0	 623	OK
1054	     0	77.2	109.6	 621	OK
1055	     0	76.0	108.4	 610	OK
1056	     0	77.5	109.3	 621	OK
1057	     0	78.9	110.6	 624	OK
1058	     0	73.0	106.2	 608	OK
1059	     0	74.7	105.8	 619	OK
1060	     0	74.5	108.4	 603	OK
1061	     0	75.2	108.1	 626	OK
1062	     0	76.9	109.3	 585	OK
1063	     0	77.3	109.7	 608	OK
1064	     0	76.8	108.2	 598	OK
1065	     0	79.6	110.8	 604	OK
1066	     0	78.3	112.8	 617	OK
1067	     0	77.7	112.1	 614	OK
1068	     0	77.9	112.3	 617	OK
1069	     0	75.8	107.1	 603	OK
1070	     0	80.4	113.9	 601	OK
1071	     0	76.4	108.7	 613	OK
1072	     0	77.6	110.0	 621	OK
1073	     0	77.0	110.0	 616	OK
1074	     0	75.8	108.9	 606	OK
1075	     0	75.5	107.0	 608	OK
1076	     0	76.8	107.5	 619	OK
1077	     0	75.2	105.6	 604	OK
1078	     0	76.1	107.2	 615	OK
1079	     0	76.6	108.5	 607	OK
1080	     0	76.7	110.5	 615	OK
1081	     0	77.6	110.9	 612	OK
1082	     0	76.9	108.6	 614	OK
1083	     0	76.7	108.1	 619	OK
1084	     0	78.5	110.6	 598	OK
1085	     0	77.4	110.4	 596	OK
1086	     0	77.4	109.2	 620	OK
1087	     0	76.5	108.9	 607	OK
1088	     0	79.4	113.9	 604	OK
1089	     0	78.2	111.2	 606	OK
1090	     0	77.3	111.8	 590	OK
1091	     0	75.2	108.2	 610	OK
1092	     0	77.9	110.2	 602	OK
1093	     0	78.5	110.5	 619	OK
1094	     0	76.9	109.0	 597	OK
1095	     0	79.0	111.9	 614	OK
1096	     0	73.9	107.8	 618	OK
1097	     0	76.9	108.9	 590	OK
1098	     0	76.7	109.4	 619	OK
1099	     0	78.8	111.8	 600	OK
1100	     0	78.4	111.5	 619	OK
1101	     0	79.3	112.4	 597	OK
1102	     0	77.0	108.4	 623	OK
1103	     0	78.6	112.3	 599	OK
1104	     0	77.7	110.2	 613	OK
1105	     0	79.0	110.3	 597	OK
1106	     0	78.8	112.8	 613	OK
1107	     0	77.7	110.2	 595	OK
1108	     0	76.1	108.6	 613	OK
1109	     0	75.2	108.5	 610	OK
1110	     0	79.0	112.5	 619	OK
1111	     0	77.8	110.8	 615	OK
1112	     0	76.2	108.6	 601	OK
1113	     0	76.9	110.5	 614	OK
1114	     0	79.9	111.9	 620	OK
1115	     0	79.4	113.1	 631	OK
1116	     0	79.7	113.2	 623	OK
1117	     0	78.4	110.4	 632	OK
1118	     0	78.0	111.8	 632	OK
1119	     0	78.4	110.6	 624	OK
1120	     0	76.0	109.1	 623	OK
1121	     0	75.7	107.1	 626	OK
1122	     0	77.8	112.8	 622	OK
1123	     0	76.3	108.1	 622	OK
1124	     0	76.4	109.8	 636	OK
1125	     0	77.9	111.0	 610	OK
1126	     0	76.3	110.0	 619	OK
1127	     0	80.6	113.2	 629	OK
1128	     0	78.4	110.7	 607	OK
1129	     0	75.0	108.3	 609	OK
1130	     0	78.2	112.0	 634	OK
1131	     0	77.4	111.1	 633	OK
1132	     0	78.9	109.7	 617	OK
1133	     0	78.7	111.6	 620	OK
1134	     0	77.4	110.3	 646	OK
1135	     0	79.1	111.7	 643	OK
1136	     0	75.1	109.6	 610	OK
1137	     0	76.2	108.2	 621	OK
1138	     0	79.1	111.9	 633	OK
1139	     0	82.0	115.4	 622	OK
1140	     0	77.9	112.0	 609	OK
1141	     0	78.4	109.4	 622	OK
1142	     0	78.0	109.4	 641	OK
1143	     0	79.9	111.6	 638	OK
1144	     0	78.8	111.4	 619	OK
1145	     0	76.3	109.4	 629	OK
1146	     0	77.9	110.4	 606	OK
1147	     0	77.1	111.7	 610	OK
1148	     0	76.9	109.6	 620	OK
1149	     0	77.6	110.3	 630	OK
1150	     0	78.7	109.7	 619	OK
1151	     0	77.7	109.4	 612	OK
1152	     0	68.9	99.4	 641	OK
1153	     0	67.6	99.4	 668	OK
1154	     0	73.5	104.6	 634	OK
1155	     0	69.8	102.2	 650	OK
1156	     0	70.1	102.9	 644	OK
1157	     0	72.1	106.2	 636	OK
1158	     0	69.4	101.7	 634	OK
1159	     0	71.1	103.4	 633	OK
1160	     0	67.7	99.6	 641	OK
1161	     0	68.8	100.8	 645	OK
1162	     0	73.0	104.6	 648	OK
1163	     0	69.8	102.0	 631	OK
1164	     0	72.1	103.9	 649	OK
1165	     0	69.6	102.6	 649	OK
1166	     0	72.1	104.9	 656	OK
1167	     0	70.0	102.4	 644	OK
1168	     0	72.0	104.5	 654	OK
1169	     0	70.4	103.4	 640	OK
1170	     0	70.0	104.3	 640	OK
1171	     0	68.4	100.0	 661	OK
1172	     0	73.1	104.7	 652	OK
1173	     0	68.6	102.6	 644	OK
1174	     0	71.5	103.0	 658	OK
1175	     0	71.4	103.1	 643	OK
1176	     0	70.5	103.7	 639	OK
1177	     0	69.6	101.6	 658	OK
1178	     0	70.6	104.2	 651	OK
1179	     0	68.9	100.5	 658	OK
1180	     0	69.4	101.8	 644	OK
1181	     0	70.6	102.0	 656	OK
1182	     0	71.4	104.8	 645	OK
1183	     0	71.6	104.8	 641	OK
1184	     0	71.6	104.3	 655	OK
1185	     0	71.0	103.6	 635	OK
1186	     0	71.1	104.8	 653	OK
1187	     0	73.0	104.8	 646	OK
1188	     0	68.6	102.1	 655	OK
1189	     0	72.2	103.3	 643	OK
1190	     0	69.7	102.8	 657	OK
1191	     0	71.1	104.3	 638	OK
1192	     0	70.7	103.4	 676	OK
1193	     0	70.2	101.5	 658	OK
1194	     0	70.4	101.9	 664	OK
1195	     0	71.2	103.9	 639	OK
1196	     0	69.2	100.8	 655	OK
1197	     0	67.9	99.3	 648	OK
1198	     0	71.6	104.5	 654	OK
1199	     0	70.7	102.6	 637	OK
1200	     0	71.5	102.4	 642	OK
1201	     0	71.7	104.8	 635	OK
1202	     0	72.3	105.7	 640	OK
1203	     0	68.7	99.8	 640	OK
1204	     0	70.7	103.1	 640	OK
1205	     0	69.7	101.8	 641	OK
1206	     0	69.3	103.0	 659	OK
1207	     0	70.3	102.1	 654	OK
1208	     0	70.8	102.6	 647	OK
1209	     0	71.0	102.8	 654	OK
1210	     0	70.2	103.9	 656	OK
1211	     0	71.7	105.4	 639	OK
1212	     0	71.3	103.8	 634	OK
1213	     0	71.6	104.1	 638	OK
1214	     0	70.9	102.4	 645	OK
1215	     0	70.2	104.3	 649	OK
1216	     0	70.9	104.0	 640	OK
1217	     0	73.7	106.7	 634	OK
1218	     0	71.8	105.1	 646	OK
1219	     0	71.9	104.9	 652	OK
1220	     0	72.1	104.5	 644	OK
1221	     0	70.0	102.8	 662	OK
1222	     0	72.7	104.1	 624	OK
1223	     0	70.1	101.9	 639	OK
1224	     0	70.8	102.3	 639	OK
1225	     0	70.4	102.1	 640	OK
1226	     0	72.5	105.3	 647	OK
1227	     0	70.4	103.1	 632	OK
1228	     0	71.2	104.3	 651	OK
1229	     0	74.6	106.1	 653	OK
1230	     0	70.4	101.6	 628	OK
1231	     0	69.7	100.8	 646	OK
1232	     0	73.1	106.4	 640	OK
1233	     0	72.3	103.8	 642	OK
1234	     0	70.7	102.4	 632	OK
1235	     0	71.2	102.9	 654	OK
1236	     0	71.7	104.7	 639	OK
1237	     0	70.2	103.1	 627	OK
1238	     0	73.4	106.4	 647	OK
1239	     0	74.1	106.8	 640	OK
1240	     0	71.2	104.2	 633	OK
1241	     0	69.2	101.9	 638	OK
1242	     0	71.4	103.2	 628	OK
1243	     0	72.0	105.7	 635	OK
1244	     0	73.2	105.2	 626	OK
1245	     0	72.8	105.4	 623	OK
1246	     0	75.1	108.3	 632	OK
1247	     0	73.4	107.1	 637	OK
1248	     0	72.5	104.0	 650	OK
1249	     0	72.6	105.5	 620	OK
1250	     0	73.2	105.9	 619	OK
1251	     0	73.9	108.4	 612	OK
1252	     0	74.2	107.6	 634	OK
1253	     0	73.3	104.3	 631	OK
1254	     0	72.2	104.0	 618	OK
1255	     0	74.3	106.0	 613	OK
1256	     0	71.7	106.3	 631	OK
1257	     0	73.9	104.7	 627	OK
1258	     0	74.4	107.3	 621	OK
1259	     0	71.8	104.3	 612	OK
1260	     0	72.1	106.6	 639	OK
1261	     0	73.7	107.0	 603	OK
1262	     0	75.5	107.8	 628	OK
1263	     0	71.5	105.2	 626	OK
1264	     0	71.5	103.3	 616	OK
1265	     0	71.8	105.1	 608	OK
1266	     0	73.3	105.8	 597	OK
1267	     0	73.0	106.9	 588	OK
1268	     0	72.6	106.7	 580	OK
1269	     0	73.2	105.8	 590	OK
1270	     0	72.9	107.2	 583	OK
1271	     0	71.6	103.6	 578	OK
1272	     0	69.6	101.8	 586	OK
1273	     0	72.0	104.9	 562	OK
1274	     0	72.0	104.6	 599	OK
1275	     0	74.7	107.0	 576	OK
1276	     0	73.6	107.4	 556	OK
1277	     0	72.1	104.9	 559	OK
1278	     0	70.6	103.5	 571	OK
1279	     0	76.5	109.8	 556	OK
1280	     0	79.8	110.3	 599	OK
1281	     0	77.6	108.0	 592	OK
1282	     0	75.2	106.3	 599	OK
1283	     0	74.5	106.4	 601	OK
1284	     0	75.9	106.2	 604	OK
1285	     0	72.5	105.2	 605	OK
1286	     0	78.0	109.3	 609	OK
1287	     0	78.1	111.9	 600	OK
1288	     0	80.4	111.2	 592	OK
1289	     0	75.3	106.7	 608	OK
1290	     0	72.7	104.4	 614	OK
1291	     0	76.0	107.0	 583	OK
1292	     0	74.8	105.9	 607	OK
1293	     0	78.7	111.0	 610	OK
1294	     0	74.3	107.1	 599	OK
1295	     0	76.7	109.6	 609	OK
1296	     0	74.3	104.5	 606	OK
1297	     0	73.2	105.0	 610	OK
1298	     0	76.1	108.7	 593	OK
1299	     0	74.4	106.5	 590	OK
1300	     0	75.4	106.9	 590	OK
1301	     0	73.9	105.4	 609	OK
1302	     0	75.5	109.2	 586	OK
1303	     0	75.0	105.8	 605	OK
1304	     0	73.7	105.9	 606	OK
1305	     0	77.2	110.5	 612	OK
1306	     0	73.4	106.5	 603	OK
1307	     0	77.9	109.9	 614	OK
1308	     0	76.8	110.5	 599	OK
1309	     0	77.5	108.8	 608	OK
1310	     0	74.1	104.5	 613	OK
1311	     0	76.1	109.3	 617	OK
1312	     0	73.4	105.4	 599	OK
1313	     0	76.2	109.2	 598	OK
1314	     0	74.8	105.8	 620	OK
1315	     0	77.6	108.2	 604	OK
1316	     0	75.3	106.0	 611	OK
1317	     0	76.0	106.6	 608	OK
1318	     0	74.5	107.8	 619	OK
1319	     0	75.1	107.4	 602	OK
1320	     0	76.1	109.5	 609	OK
1321	     0	77.5	109.8	 610	OK
1322	     0	75.6	108.7	 608	OK
1323	     0	74.5	106.5	 618	OK
1324	     0	74.8	107.7	 599	OK
1325	     0	77.2	108.8	 595	OK
1326	     0	77.3	107.9	 607	OK
1327	     0	74.8	105.8	 594	OK
1328	     0	74.8	105.6	 610	OK
1329	     0	75.8	108.4	 603	OK
1330	     0	76.2	109.9	 611	OK
1331	     0	73.5	104.9	 604	OK
1332	     0	73.7	105.3	 598	OK
1333	     0	76.8	110.1	 627	OK
1334	     0	75.8	107.2	 614	OK
1335	     0	77.5	110.4	 612	OK
1336	     0	77.2	111.1	 611	OK
1337	     0	76.5	107.6	 624	OK
1338	     0	78.3	109.0	 625	OK
1339	     0	77.5	107.2	 608	OK
1340	     0	77.3	109.0	 619	OK
1341	     0	76.6	106.2	 629	OK
1342	     0	79.6	110.5	 629	OK
1343	     0	78.3	109.1	 610	OK
1344	     0	72.9	103.8	 621	OK
1345	     0	76.6	108.9	 620	OK
1346	     0	76.6	106.6	 616	OK
1347	     0	77.9	111.0	 627	OK
1348	     0	75.5	107.4	 615	OK
1349	     0	75.0	107.2	 611	OK
1350	     0	76.5	106.2	 615	OK
1351	     0	75.5	106.5	 621	OK
1352	     0	75.7	108.5	 605	OK
1353	     0	74.9	105.8	 604	OK
1354	     0	72.7	104.7	 606	OK
1355	     0	76.6	109.5	 618	OK
1356	     0	76.9	109.4	 610	OK
1357	     0	76.9	107.7	 608	OK
1358	     0	75.9	107.4	 599	OK
1359	     0	74.0	104.3	 600	OK
1360	     0	75.0	105.9	 617	OK
1361	     0	75.9	106.8	 616	OK
1362	     0	78.0	110.7	 604	OK
1363	     0	78.3	108.1	 596	OK
1364	     0	75.4	106.5	 606	OK
1365	     0	77.0	107.8	 612	OK
1366	     0	75.6	110.4	 609	OK
1367	     0	76.1	109.3	 600	OK
1368	     0	75.0	107.9	 592	OK
1369	     0	72.9	104.5	 615	OK
1370	     0	75.1	107.6	 606	OK
1371	     0	72.8	105.1	 604	OK
1372	     0	73.5	106.1	 604	OK
1373	     0	76.5	109.8	 589	OK
1374	     0	73.8	105.8	 598	OK
1375	     0	77.3	110.6	 596	OK
1376	     0	72.7	106.4	 599	OK
1377	     0	75.6	109.4	 602	OK
1378	     0	77.4	108.0	 598	OK
1379	     0	74.9	108.6	 613	OK
1380	     0	75.1	106.5	 603	OK
1381	     0	73.9	104.9	 594	OK
1382	     0	75.2	107.6	 601	OK
1383	     0	75.9	106.9	 598	OK
1384	     0	75.5	110.2	 594	OK
1385	     0	75.1	108.9	 617	OK
1386	     0	75.5	105.7	 582	OK
1387	     0	74.0	107.0	 588	OK
1388	     0	77.7	109.4	 597	OK
1389	     0	76.3	107.9	 607	OK
1390	     0	78.3	109.9	 595	OK
1391	     0	76.5	107.9	 594	OK
1392	     0	77.2	109.0	 598	OK
1393	     0	76.8	109.0	 605	OK
1394	     0	74.5	107.1	 616	OK
1395	     0	75.9	107.3	 610	OK
1396	     0	74.1	104.3	 602	OK
1397	     0	76.3	107.7	 602	OK
1398	     0	75.1	106.1	 604	OK
1399	     0	75.8	106.2	 587	OK
1400	     0	76.5	109.5	 583	OK
1401	     0	73.7	104.9	 598	OK
1402	     0	78.5	111.1	 599	OK
1403	     0	75.9	110.1	 599	OK
1404	     0	77.1	109.6	 601	OK
1405	     0	76.4	108.3	 603	OK
1406	     0	76.9	108.9	 600	OK
1407	     0	78.2	108.9	 619	OK
1408	     0	73.3	103.2	 604	OK
1409	     0	71.7	103.0	 606	OK
1410	     0	73.5	104.1	 618	OK
1411	     0	72.2	104.8	 605	OK
1412	     0	70.9	102.5	 612	OK
1413	     0	70.4	101.5	 593	OK
1414	     0	70.1	101.7	 595	OK
1415	     0	70.9	99.7	 605	OK
1416	     0	72.9	104.5	 603	OK
1417	     0	69.0	101.7	 620	OK
1418	     0	68.4	99.4	 609	OK
1419	     0	70.4	102.6	 609	OK
1420	     0	68.4	99.9	 597	OK
1421	     0	69.3	101.2	 604	OK
1422	     0	72.6	104.2	 610	OK
1423	     0	68.5	101.2	 594	OK
1424	     0	70.2	100.2	 611	OK
1425	     0	69.1	101.9	 612	OK
1426	     0	70.8	102.3	 611	OK
1427	     0	69.7	101.0	 613	OK
1428	     0	70.1	100.9	 596	OK
1429	     0	65.7	98.3	 604	OK
1430	     0	68.6	99.5	 614	OK
1431	     0	68.9	100.9	 614	OK
1432	     0	74.4	104.8	 607	OK
1433	     0	68.5	100.5	 618	OK
1434	     0	69.7	101.3	 635	OK
1435	     0	71.4	102.5	 614	OK
1436	     0	67.9	100.2	 599	OK
1437	     0	69.1	99.8	 621	OK
1438	     0	67.7	99.4	 622	OK
1439	     0	66.3	98.4	 617	OK
1440	     0	67.6	99.2	 626	OK
1441	     0	70.8	103.9	 608	OK
1442	     0	69.6	100.8	 627	OK
1443	     0	71.2	104.3	 604	OK
1444	     0	69.4	101.0	 627	OK
1445	     0	67.0	98.3	 612	OK
1446	     0	66.6	97.6	 630	OK
1447	     0	69.0	101.2	 626	OK
1448	     0	71.8	104.4	 624	OK
1449	     0	70.9	103.3	 630	OK
1450	     0	66.5	98.0	 615	OK
1451	     0	69.0	100.6	 616	OK
1452	     0	73.0	102.6	 618	OK
1453	     0	66.8	98.6	 606	OK
1454	     0	72.1	104.2	 610	OK
1455	     0	71.4	102.5	 619	OK
1456	     0	69.7	102.2	 617	OK
1457	     0	69.4	101.5	 639	OK
1458	     0	70.9	103.2	 637	OK
1459	     0	71.3	102.5	 623	OK
1460	     0	68.9	102.1	 619	OK
1461	     0	70.4	101.2	 636	OK
1462	     0	69.8	100.7	 635	OK
1463	     0	69.6	100.4	 601	OK
1464	     0	71.1	103.7	 626	OK
1465	     0	73.4	103.4	 602	OK
1466	     0	72.5	105.8	 626	OK
1467	     0	70.0	102.0	 616	OK
1468	     0	68.9	101.2	 636	OK
1469	     0	73.7	105.4	 625	OK
1470	     0	75.9	107.9	 616	OK
1471	     0	71.2	104.1	 620	OK
1472	     0	70.9	103.4	 619	OK
1473	     0	71.4	104.2	 605	OK
1474	     0	69.8	101.3	 627	OK
1475	     0	69.8	101.1	 630	OK
1476	     0	69.3	102.2	 631	OK
1477	     0	70.9	102.0	 612	OK
1478	     0	69.0	99.5	 629	OK
1479	     0	69.2	101.4	 638	OK
1480	     0	69.9	100.4	 617	OK
1481	     0	65.9	99.1	 625	OK
1482	     0	69.1	101.4	 615	OK
1483	     0	68.3	99.8	 619	OK
1484	     0	68.8	100.7	 610	OK
1485	     0	70.6	103.2	 609	OK
1486	     0	67.3	98.6	 616	OK
1487	     0	70.4	102.7	 602	OK
1488	     0	68.0	99.6	 610	OK
1489	     0	69.6	102.9	 614	OK
1490	     0	68.9	101.6	 615	OK
1491	     0	70.5	102.2	 618	OK
1492	     0	68.2	99.9	 637	OK
1493	     0	70.2	101.0	 615	OK
1494	     0	68.5	100.1	 616	OK
1495	     0	64.1	96.6	 614	OK
1496	     0	68.4	100.7	 634	OK
1497	     0	68.4	100.2	 627	OK
1498	     0	67.4	99.7	 627	OK
1499	     0	68.1	99.5	 614	OK
1500	     0	65.5	94.5	 614	OK
1501	     0	69.0	100.4	 619	OK
1502	     0	67.2	99.6	 619	OK
1503	     0	66.4	99.2	 629	OK
1504	     0	69.2	99.3	 636	OK
1505	     0	67.7	99.2	 618	OK
1506	     0	67.7	100.1	 641	OK
1507	     0	68.3	99.1	 596	OK
1508	     0	69.6	100.5	 616	OK
1509	     0	67.6	99.7	 616	OK
1510	     0	67.8	99.7	 616	OK
1511	     0	69.9	101.0	 624	OK
1512	     0	68.6	99.9	 625	OK
1513	     0	68.1	101.5	 596	OK
1514	     0	68.3	100.1	 623	OK
1515	     0	66.4	97.4	 623	OK
1516	     0	69.8	101.4	 614	OK
1517	     0	66.5	97.8	 610	OK
1518	     0	69.9	102.4	 612	OK
1519	     0	70.3	100.5	 611	OK
1520	     0	69.4	101.4	 607	OK
1521	     0	72.1	104.1	 628	OK
1522	     0	69.7	99.9	 633	OK
1523	     0	70.2	101.2	 602	OK
1524	     0	71.9	103.6	 620	OK
1525	     0	68.9	99.1	 611	OK
1526	     0	68.7	101.4	 622	OK
1527	     0	70.2	102.6	 630	OK
1528	     0	69.7	101.3	 626	OK
1529	     0	70.8	101.2	 602	OK
1530	     0	72.1	101.7	 614	OK
1531	     0	71.0	101.8	 631	OK
1532	     0	73.2	107.3	 620	OK
1533	     0	70.6	101.3	 636	OK
1534	     0	70.9	101.6	 614	OK
1535	     0	73.2	105.4	 596	OK
1536	     0	82.3	116.0	 556	OK
1537	     0	80.9	116.7	 554	OK
1538	     0	80.7	113.7	 555	OK
1539	     0	82.2	115.8	 541	OK
1540	     0	80.9	112.6	 557	OK
1541	     0	79.3	112.7	 545	OK
1542	     0	79.9	113.3	 554	OK
1543	     0	80.2	114.6	 551	OK
1544	     0	83.3	116.5	 559	OK
1545	     0	83.5	117.5	 557	OK
1546	     0	81.4	113.3	 555	OK
1547	     0	79.7	113.2	 543	OK
1548	     0	83.1	115.7	 554	OK
1549	     0	81.5	114.2	 560	OK
1550	     0	80.9	112.4	 567	OK
1551	     0	81.7	115.5	 555	OK
1552	     0	78.8	111.9	 551	OK
1553	     0	80.5	112.8	 563	OK
1554	     0	82.2	117.7	 554	OK
1555	     0	81.6	116.1	 554	OK
1556	     0	79.4	113.3	 554	OK
1557	     0	78.3	113.1	 557	OK
1558	     0	82.2	114.8	 555	OK
1559	     0	80.5	112.9	 551	OK
1560	     0	80.8	115.3	 553	OK
1561	     0	81.6	114.1	 544	OK
1562	     0	80.2	114.5	 553	OK
1563	     0	81.3	115.5	 547	OK
1564	     0	80.1	110.4	 560	OK
1565	     0	78.0	111.6	 563	OK
1566	     0	80.5	113.7	 581	OK
1567	     0	82.4	115.7	 565	OK
1568	     0	77.8	111.7	 565	OK
1569	     0	78.7	113.6	 556	OK
1570	     0	79.0	113.2	 548	OK
1571	     0	81.7	113.0	 542	OK
1572	     0	84.2	119.7	 560	OK
1573	     0	83.5	116.8	 555	OK
1574	     0	79.9	112.1	 571	OK
1575	     0	80.3	113.9	 558	OK
1576	     0	81.2	113.8	 556	OK
1577	     0	81.5	115.6	 573	OK
1578	     0	79.9	114.7	 561	OK
1579	     0	79.3	112.1	 563	OK
1580	     0	80.6	112.3	 562	OK
1581	     0	76.6	109.7	 571	OK
1582	     0	79.7	113.6	 572	OK
1583	     0	80.4	113.3	 565	OK
1584	     0	80.7	114.2	 568	OK
1585	     0	78.6	109.7	 544	OK
1586	     0	78.0	112.1	 548	OK
1587	     0	78.4	113.0	 568	OK
1588	     0	78.5	111.6	 550	OK
1589	     0	79.5	113.0	 571	OK
1590	     0	79.8	112.4	 560	OK
1591	     0	79.9	114.3	 546	OK
1592	     0	79.7	114.7	 569	OK
1593	     0	80.7	112.6	 556	OK
1594	     0	77.5	109.0	 564	OK
1595	     0	77.3	112.0	 553	OK
1596	     0	80.6	114.3	 549	OK
1597	     0	81.5	117.0	 559	OK
1598	     0	81.2	114.4	 571	OK
1599	     0	83.2	117.0	 563	OK
1600	     0	78.3	111.5	 557	OK
1601	     0	76.9	109.3	 560	OK
1602	     0	74.8	108.2	 572	OK
1603	     0	77.3	110.6	 545	OK
1604	     0	76.2	109.2	 562	OK
1605	     0	76.3	108.3	 539	OK
1606	     0	74.2	107.0	 547	OK
1607	     0	77.9	109.7	 549	OK
1608	     0	79.1	111.0	 561	OK
1609	     0	79.9	111.5	 556	OK
1610	     0	78.2	111.2	 544	OK
1611	     0	76.3	110.3	 549	OK
1612	     0	76.3	108.4	 571	OK
1613	     0	78.5	110.0	 565	OK
1614	     0	78.3	109.3	 546	OK
1615	     0	76.8	109.9	 543	OK
1616	     0	78.6	111.8	 555	OK
1617	     0	79.1	112.5	 546	OK
1618	     0	79.4	110.2	 574	OK
1619	     0	77.1	110.2	 580	OK
1620	     0	79.2	112.2	 550	OK
1621	     0	78.7	111.4	 556	OK
1622	     0	78.1	112.0	 568	OK
1623	     0	77.8	110.9	 556	OK
1624	     0	78.6	111.5	 545	OK
1625	     0	78.9	112.7	 555	OK
1626	     0	78.4	110.3	 551	OK
1627	     0	80.2	113.1	 552	OK
1628	     0	75.3	110.1	 554	OK
1629	     0	78.7	111.1	 567	OK
1630	     0	78.9	111.4	 563	OK
1631	     0	78.0	110.5	 552	OK
1632	     0	78.5	110.4	 549	OK
1633	     0	79.2	111.6	 555	OK
1634	     0	79.7	112.7	 546	OK
1635	     0	76.5	111.0	 548	OK
1636	     0	79.0	110.9	 553	OK
1637	     0	77.7	112.1	 549	OK
1638	     0	80.9	115.1	 562	OK
1639	     0	76.8	109.4	 565	OK
1640	     0	79.4	111.9	 569	OK
1641	     0	77.1	109.4	 565	OK
1642	     0	78.1	112.6	 545	OK
1643	     0	77.7	109.8	 555	OK
1644	     0	78.1	111.9	 564	OK
1645	     0	77.7	110.2	 543	OK
1646	     0	77.8	110.9	 551	OK
1647	     0	76.5	109.7	 544	OK
1648	     0	79.2	113.6	 546	OK
1649	     0	75.5	107.8	 545	OK
1650	     0	78.0	110.9	 564	OK
1651	     0	79.4	111.5	 537	OK
1652	     0	74.2	107.5	 531	OK
1653	     0	78.1	111.6	 547	OK
1654	     0	78.4	110.9	 548	OK
1655	     0	75.8	108.3	 555	OK
1656	     0	78.7	113.1	 553	OK
1657	     0	77.0	109.2	 557	OK
1658	     0	77.1	108.2	 571	OK
1659	     0	79.8	113.6	 545	OK
1660	     0	75.3	108.1	 542	OK
1661	     0	76.5	108.1	 538	OK
1662	     0	75.7	107.7	 552	OK
1663	     0	75.2	109.5	 565	OK
1664	     0	78.5	110.8	 575	OK
1665	     0	79.1	112.2	 583	OK
1666	     0	79.2	112.5	 590	OK
1667	     0	79.2	112.4	 581	OK
1668	     0	78.5	110.2	 576	OK
1669	     0	77.4	109.0	 567	OK
1670	     0	78.2	113.2	 581	OK
1671	     0	78.6	113.1	 581	OK
1672	     0	76.2	111.2	 568	OK
1673	     0	77.8	110.5	 576	OK
1674	     0	77.7	111.7	 565	OK
1675	     0	78.6	111.0	 575	OK
1676	     0	76.9	110.3	 567	OK
1677	     0	73.0	106.9	 596	OK
1678	     0	79.9	114.9	 586	OK
1679	     0	75.2	108.6	 578	OK
1680	     0	76.2	108.3	 585	OK
1681	     0	76.0	109.3	 575	OK
1682	     0	74.7	109.0	 573	OK
1683	     0	75.9	107.0	 590	OK
1684	     0	75.8	109.7	 570	OK
1685	     0	74.9	106.6	 562	OK
1686	     0	75.8	108.5	 582	OK
1687	     0	76.1	108.1	 571	OK
1688	     0	77.4	108.3	 564	OK
1689	     0	77.7	111.3	 579	OK
1690	     0	75.4	108.6	 582	OK
1691	     0	73.0	104.1	 577	OK
1692	     0	74.8	107.2	 587	OK
1693	     0	74.8	107.9	 591	OK
1694	     0	77.1	110.4	 572	OK
1695	     0	75.3	107.2	 591	OK
1696	     0	77.9	109.3	 569	OK
1697	     0	77.2	109.3	 562	OK
1698	     0	74.1	106.2	 569	OK
1699	     0	75.3	108.0	 587	OK
1700	     0	78.7	110.4	 573	OK
1701	     0	73.2	105.7	 557	OK
1702	     0	72.7	105.1	 582	OK
1703	     0	74.6	106.9	 580	OK
1704	     0	76.4	107.8	 588	OK
1705	     0	77.1	110.9	 578	OK
1706	     0	74.7	106.4	 591	OK
1707	     0	75.7	109.6	 584	OK
1708	     0	75.2	108.8	 584	OK
1709	     0	74.5	105.8	 604	OK
1710	     0	74.9	106.9	 597	OK
1711	     0	75.2	107.5	 588	OK
1712	     0	74.4	107.0	 580	OK
1713	     0	77.2	110.9	 566	OK
1714	     0	73.4	105.6	 587	OK
1715	     0	76.2	110.3	 579	OK
1716	     0	76.1	108.6	 571	OK
1717	     0	73.6	107.5	 584	OK
1718	     0	76.1	111.0	 583	OK
1719	     0	73.5	104.8	 589	OK
1720	     0	78.0	111.7	 595	OK
1721	     0	76.3	107.4	 579	OK
1722	     0	75.0	105.5	 593	OK
1723	     0	75.7	107.9	 569	OK
1724	     0	76.3	109.6	 589	OK
1725	     0	74.1	105.7	 586	OK
1726	     0	75.6	108.3	 588	OK
1727	     0	75.7	108.3	 585	OK
1728	     0	73.1	106.6	 584	OK
1729	     0	72.9	106.5	 578	OK
1730	     0	75.0	105.9	 580	OK
1731	     0	73.4	105.5	 580	OK
1732	     0	72.6	106.0	 590	OK
1733	     0	74.4	106.4	 570	OK
1734	     0	72.4	104.3	 587	OK
1735	     0	72.9	104.1	 585	OK
1736	     0	73.3	105.9	 576	OK
1737	     0	74.0	106.0	 586	OK
1738	     0	73.9	105.9	 570	OK
1739	     0	72.0	105.8	 572	OK
1740	     0	73.0	107.9	 585	OK
1741	     0	73.5	108.1	 558	OK
1742	     0	75.3	107.1	 584	OK
1743	     0	75.6	108.4	 569	OK
1744	     0	72.3	105.4	 581	OK
1745	     0	72.2	104.3	 572	OK
1746	     0	74.2	106.4	 588	OK
1747	     0	70.6	103.1	 579	OK
1748	     0	75.1	107.3	 570	OK
1749	     0	74.6	106.1	 574	OK
1750	     0	71.6	103.0	 587	OK
1751	     0	73.4	105.5	 575	OK
1752	     0	72.8	106.8	 583	OK
1753	     0	74.5	106.4	 579	OK
1754	     0	77.0	111.4	 575	OK
1755	     0	72.4	105.7	 571	OK
1756	     0	73.1	104.6	 594	OK
1757	     0	72.8	105.9	 587	OK
1758	     0	73.7	107.3	 563	OK
1759	     0	71.2	104.0	 583	OK
1760	     0	72.7	106.1	 576	OK
1761	     0	76.1	110.4	 586	OK
1762	     0	70.4	101.9	 576	OK
1763	     0	72.3	103.1	 567	OK
1764	     0	73.7	106.6	 570	OK
1765	     0	75.9	109.0	 574	OK
1766	     0	75.0	107.0	 576	OK
1767	     0	75.8	107.3	 562	OK
1768	     0	76.7	108.1	 574	OK
1769	     0	73.2	106.5	 570	OK
1770	     0	74.6	106.5	 568	OK
1771	     0	76.1	109.9	 561	OK
1772	     0	70.6	104.5	 583	OK
1773	     0	75.4	109.5	 566	OK
1774	     0	77.3	107.6	 583	OK
1775	     0	74.5	106.5	 581	OK
1776	     0	76.4	110.1	 586	OK
1777	     0	72.6	106.2	 565	OK
1778	     0	74.5	106.9	 576	OK
1779	     0	73.4	107.5	 586	OK
1780	     0	72.1	103.7	 573	OK
1781	     0	73.6	107.0	 565	OK
1782	     0	74.2	105.8	 582	OK
1783	     0	73.9	108.2	 594	OK
1784	     0	74.2	108.0	 569	OK
1785	     0	75.4	109.4	 580	OK
1786	     0	72.6	103.9	 556	OK
1787	     0	75.4	107.4	 563	OK
1788	     0	74.4	106.8	 573	OK
1789	     0	72.5	104.1	 571	OK
1790	     0	75.2	109.9	 584	OK
1791	     0	76.3	109.5	 574	OK
1792	     0	76.4	107.7	 578	OK
1793	     0	77.8	111.2	 565	OK
1794	     0	76.5	106.8	 584	OK
1795	     0	74.8	106.6	 568	OK
1796	     0	78.3	109.8	 586	OK
1797	     0	76.3	108.2	 578	OK
1798	     0	76.4	108.3	 562	OK
1799	     0	78.1	109.7	 584	OK
1800	     0	77.5	111.2	 591	OK
1801	     0	80.2	111.3	 573	OK
1802	     0	74.3	106.7	 583	OK
1803	     0	76.1	110.3	 577	OK
1804	     0	75.2	107.9	 582	OK
1805	     0	76.9	109.9	 586	OK
1806	     0	77.7	108.7	 583	OK
1807	     0	74.1	106.6	 554	OK
1808	     0	77.8	111.6	 579	OK
1809	     0	77.5	111.4	 581	OK
1810	     0	78.3	110.1	 566	OK
1811	     0	77.0	110.6	 583	OK
1812	     0	76.2	109.2	 575	OK
1813	     0	77.3	110.5	 572	OK
1814	     0	79.3	112.8	 573	OK
1815	     0	73.7	106.6	 585	OK
1816	     0	76.8	108.3	 564	OK
1817	     0	77.8	110.4	 567	OK
1818	     0	76.9	107.9	 593	OK
1819	     0	82.5	114.7	 586	OK
1820	     0	78.7	110.2	 567	OK
1821	     0	78.9	110.4	 565	OK
1822	     0	77.6	109.8	 585	OK
1823	     0	77.8	110.2	 574	OK
1824	     0	77.9	109.6	 581	OK
1825	     0	78.9	112.6	 568	OK
1826	     0	78.5	112.0	 591	OK
1827	     0	78.1	112.3	 575	OK
1828	     0	78.1	111.5	 559	OK
1829	     0	76.1	109.2	 583	OK
1830	     0	80.0	113.9	 577	OK
1831	     0	78.0	108.9	 577	OK
1832	     0	78.5	110.3	 564	OK
1833	     0	79.6	111.4	 594	OK
1834	     0	76.7	108.3	 588	OK
1835	     0	75.5	106.0	 594	OK
1836	     0	75.2	106.6	 579	OK
1837	     0	75.8	107.0	 585	OK
1838	     0	79.1	112.8	 571	OK
1839	     0	77.8	111.1	 581	OK
1840	     0	77.3	109.7	 568	OK
1841	     0	77.6	110.8	 577	OK
1842	     0	77.2	107.8	 586	OK
1843	     0	78.5	111.8	 579	OK
1844	     0	79.9	111.3	 576	OK
1845	     0	77.1	110.8	 580	OK
1846	     0	74.0	106.9	 552	OK
1847	     0	76.7	108.2	 586	OK
1848	     0	78.7	111.1	 590	OK
1849	     0	77.4	108.7	 576	OK
1850	     0	76.0	106.5	 575	OK
1851	     0	77.6	109.8	 583	OK
1852	     0	74.8	107.1	 596	OK
1853	     0	76.8	107.9	 581	OK
1854	     0	75.8	107.3	 578	OK
1855	     0	75.4	106.6	 559	OK
1856	     0	77.0	110.1	 568	OK
1857	     0	75.7	107.8	 578	OK
1858	     0	76.2	109.9	 573	OK
1859	     0	75.3	108.1	 574	OK
1860	     0	78.0	111.8	 562	OK
1861	     0	75.3	109.7	 596	OK
1862	     0	76.0	108.7	 579	OK
1863	     0	76.9	109.1	 570	OK
1864	     0	77.0	108.4	 576	OK
1865	     0	78.7	109.9	 562	OK
1866	     0	72.6	105.5	 582	OK
1867	     0	80.7	112.7	 566	OK
1868	     0	79.4	112.6	 574	OK
1869	     0	74.5	105.0	 553	OK
1870	     0	78.2	111.6	 575	OK
1871	     0	76.7	107.0	 567	OK
1872	     0	75.3	107.1	 584	OK
1873	     0	74.4	105.4	 564	OK
1874	     0	77.0	111.1	 562	OK
1875	     0	75.6	109.2	 565	OK
1876	     0	78.6	110.2	 574	OK
1877	     0	75.3	106.5	 579	OK
1878	     0	76.4	107.4	 571	OK
1879	     0	79.6	112.1	 557	OK
1880	     0	73.2	105.6	 560	OK
1881	     0	75.0	106.6	 568	OK
1882	     0	78.3	108.1	 560	OK
1883	     0	75.4	105.6	 570	OK
1884	     0	79.9	112.5	 562	OK
1885	     0	77.3	111.1	 573	OK
1886	     0	77.1	108.9	 590	OK
1887	     0	76.3	105.9	 558	OK
1888	     0	75.4	106.8	 559	OK
1889	     0	74.7	107.1	 572	OK
1890	     0	77.5	108.5	 561	OK
1891	     0	75.0	107.4	 593	OK
1892	     0	77.5	107.5	 564	OK
1893	     0	74.9	105.4	 564	OK
1894	     0	75.7	106.7	 570	OK
1895	     0	74.1	104.8	 554	OK
1896	     0	76.9	109.6	 573	OK
1897	     0	77.1	108.8	 558	OK
1898	     0	75.3	106.4	 571	OK
1899	     0	78.3	111.0	 566	OK
1900	     0	74.6	106.3	 566	OK
1901	     0	78.3	112.5	 567	OK
1902	     0	77.7	110.3	 571	OK
1903	     0	76.1	108.8	 570	OK
1904	     0	77.4	108.5	 566	OK
1905	     0	76.6	109.0	 564	OK
1906	     0	76.5	107.1	 556	OK
1907	     0	74.1	106.5	 565	OK
1908	     0	75.8	109.9	 552	OK
1909	     0	77.0	108.3	 550	OK
1910	     0	74.5	108.2	 551	OK
1911	     0	75.6	107.0	 543	OK
1912	     0	75.8	106.4	 569	OK
1913	     0	81.0	112.9	 565	OK
1914	     0	76.6	110.2	 571	OK
1915	     0	77.7	110.0	 562	OK
1916	     0	76.0	107.0	 552	OK
1917	     0	78.4	109.7	 568	OK
1918	     0	76.7	110.3	 578	OK
1919	     0	76.0	109.4	 572	OK
1920	     0	80.4	113.5	 575	OK
1921	     0	78.9	111.7	 563	OK
1922	     0	78.3	110.2	 558	OK
1923	     0	81.3	115.5	 567	OK
1924	     0	79.4	113.6	 548	OK
1925	     0	82.4	115.0	 547	OK
1926	     0	81.0	112.1	 561	OK
1927	     0	81.9	113.0	 562	OK
1928	     0	81.6	114.4	 569	OK
1929	     0	81.9	113.5	 559	OK
1930	     0	78.4	111.5	 534	OK
1931	     0	83.0	116.0	 561	OK
1932	     0	81.5	113.7	 556	OK
1933	     0	78.6	110.1	 564	OK
1934	     0	79.6	112.7	 557	OK
1935	     0	79.2	110.8	 561	OK
1936	     0	79.2	112.2	 567	OK
1937	     0	80.8	114.1	 571	OK
1938	     0	81.3	114.2	 574	OK
1939	     0	80.6	114.1	 549	OK
1940	     0	78.8	113.8	 571	OK
1941	     0	79.9	112.7	 541	OK
1942	     0	78.1	111.5	 557	OK
1943	     0	78.1	111.3	 578	OK
1944	     0	81.0	114.2	 566	OK
1945	     0	80.9	114.0	 562	OK
1946	     0	81.8	115.7	 561	OK
1947	     0	79.4	113.0	 565	OK
1948	     0	76.3	110.6	 552	OK
1949	     0	80.9	114.0	 570	OK
1950	     0	82.9	114.6	 555	OK
1951	     0	78.2	111.1	 572	OK
1952	     0	80.5	111.6	 567	OK
1953	     0	81.9	115.3	 550	OK
1954	     0	80.8	114.6	 560	OK
1955	     0	77.0	110.7	 548	OK
1956	     0	82.7	118.6	 558	OK
1957	     0	82.1	116.1	 558	OK
1958	     0	80.1	112.4	 549	OK
1959	     0	81.4	114.2	 564	OK
1960	     0	81.1	114.6	 573	OK
1961	     0	80.5	112.9	 569	OK
1962	     0	78.9	112.1	 563	OK
1963	     0	75.4	107.8	 562	OK
1964	     0	81.3	114.8	 568	OK
1965	     0	81.9	113.4	 574	OK
1966	     0	81.1	111.5	 561	OK
1967	     0	82.5	113.7	 564	OK
1968	     0	77.9	111.0	 570	OK
1969	     0	83.2	115.6	 568	OK
1970	     0	78.9	110.0	 552	OK
1971	     0	76.8	110.0	 560	OK
1972	     0	84.2	116.5	 573	OK
1973	     0	79.2	111.9	 572	OK
1974	     0	76.6	109.9	 564	OK
1975	     0	80.9	116.1	 581	OK
1976	     0	80.3	113.3	 576	OK
1977	     0	78.9	112.5	 562	OK
1978	     0	81.1	112.9	 569	OK
1979	     0	81.5	114.1	 562	OK
1980	     0	79.6	112.5	 574	OK
1981	     0	80.0	112.6	 574	OK
1982	     0	82.0	114.1	 556	OK
1983	     0	83.9	115.1	 576	OK
1984	     0	82.1	115.2	 568	OK
1985	     0	81.0	112.9	 560	OK
1986	     0	80.7	114.3	 549	OK
1987	     0	79.2	111.2	 564	OK
1988	     0	80.7	114.3	 553	OK
1989	     0	80.5	114.2	 578	OK
1990	     0	80.6	113.9	 551	OK
1991	     0	81.8	113.7	 556	OK
1992	     0	79.5	111.2	 559	OK
1993	     0	78.8	111.1	 567	OK
1994	     0	77.2	111.1	 566	OK
1995	     0	80.1	113.7	 567	OK
1996	     0	78.0	111.4	 558	OK
1997	     0	83.9	117.7	 551	OK
1998	     0	81.1	112.5	 563	OK
1999	     0	80.1	113.1	 571	OK
2000	     0	79.9	112.3	 549	OK
2001	     0	79.2	111.5	 556	OK
2002	     0	80.3	112.6	 541	OK
2003	     0	84.0	116.8	 557	OK
2004	     0	81.3	113.5	 559	OK
2005	     0	81.4	113.4	 557	OK
2006	     0	78.8	111.0	 556	OK
2007	     0	83.6	117.4	 553	OK
2008	     0	81.2	113.1	 567	OK
2009	     0	80.3	113.7	 550	OK
2010	     0	80.1	113.6	 562	OK
2011	     0	81.7	114.8	 565	OK
2012	     0	78.6	111.7	 554	OK
2013	     0	80.3	113.9	 558	OK
2014	     0	79.1	111.3	 550	OK
2015	     0	82.8	116.5	 554	OK
2016	     0	79.7	111.3	 572	OK
2017	     0	82.6	114.3	 555	OK
2018	     0	82.1	111.8	 549	OK
2019	     0	78.9	112.0	 556	OK
2020	     0	78.8	112.6	 554	OK
2021	     0	80.3	114.4	 548	OK
2022	     0	82.7	114.9	 555	OK
2023	     0	81.5	113.5	 569	OK
2024	     0	80.3	111.6	 559	OK
2025	     0	80.6	113.7	 567	OK
2026	     0	83.8	116.9	 556	OK
2027	     0	82.5	115.9	 543	OK
2028	     0	84.4	116.4	 554	OK
2029	     0	81.1	116.1	 558	OK
2030	     0	81.9	115.3	 551	OK
2031	     0	79.5	111.8	 546	OK
2032	     0	80.1	112.6	 553	OK
2033	     0	78.1	109.0	 556	OK
2034	     0	81.5	113.0	 556	OK
2035	     0	80.2	112.9	 553	OK
2036	     0	78.1	110.1	 559	OK
2037	     0	82.0	116.1	 557	OK
2038	     0	80.4	111.3	 558	OK
2039	     0	79.1	113.7	 570	OK
2040	     0	80.9	111.8	 535	OK
2041	     0	82.7	117.4	 553	OK
2042	     0	76.8	108.7	 561	OK
2043	     0	81.6	116.8	 563	OK
2044	     0	83.1	117.3	 562	OK
2045	     0	80.6	113.2	 548	OK
2046	     0	83.1	116.3	 544	OK
2047	     0	79.4	110.8	 546	OK
2048	     0	76.4	108.7	 572	OK
2049	     0	76.8	107.6	 572	OK
2050	     0	79.2	113.1	 543	OK
2051	     0	77.1	107.3	 544	OK
2052	     0	78.3	108.9	 555	OK
2053	     0	76.3	108.1	 563	OK
2054	     0	79.8	111.4	 564	OK
2055	     0	75.9	106.6	 567	OK
2056	     0	73.5	106.9	 565	OK
2057	     0	77.1	109.3	 565	OK
2058	     0	74.3	108.2	 572	OK
2059	     0	79.2	110.9	 561	OK
2060	     0	77.7	110.8	 551	OK
2061	     0	76.8	106.6	 553	OK
2062	     0	78.1	111.5	 551	OK
2063	     0	78.5	108.6	 544	OK
2064	     0	75.7	108.0	 560	OK
2065	     0	77.1	109.1	 535	OK
2066	     0	75.2	107.8	 557	OK
2067	     0	75.7	107.9	 543	OK
2068	     0	74.7	105.6	 560	OK
2069	     0	75.9	108.7	 556	OK
2070	     0	77.4	108.9	 561	OK
2071	     0	76.5	109.4	 556	OK
2072	     0	75.2	105.8	 564	OK
2073	     0	75.2	108.9	 558	OK
2074	     0	77.5	110.9	 557	OK
2075	     0	75.4	107.3	 568	OK
2076	     0	81.4	112.4	 566	OK
2077	     0	76.3	107.4	 555	OK
2078	     0	77.6	108.2	 565	OK
2079	     0	75.1	107.3	 560	OK
2080	     0	75.1	107.8	 569	OK
2081	     0	72.4	104.1	 548	OK
2082	     0	76.3	107.2	 564	OK
2083	     0	77.3	108.0	 553	OK
2084	     0	77.7	110.3	 544	OK
2085	     0	74.5	105.2	 566	OK
2086	     0	75.5	108.9	 570	OK
2087	     0	75.0	108.8	 564	OK
2088	     0	78.0	110.2	 562	OK
2089	   100	68.0	99.3	 566	low gain
2090	     0	77.5	108.3	 571	OK
2091	     0	77.4	109.0	 560	OK
2092	     0	74.3	105.6	 558	OK
2093	     0	77.0	107.3	 563	OK
2094	     0	77.8	109.4	 570	OK
2095	     0	78.7	108.7	 581	OK
2096	     0	74.8	105.3	 565	OK
2097	     0	77.9	110.2	 550	OK
2098	     0	75.7	108.2	 574	OK
2099	     0	77.7	112.5	 564	OK
2100	     0	75.3	108.1	 571	OK
2101	     0	78.4	110.9	 563	OK
2102	     0	75.2	107.1	 575	OK
2103	     0	77.2	109.0	 568	OK
2104	     0	77.6	108.1	 563	OK
2105	     0	77.0	108.3	 558	OK
2106	     0	74.7	105.3	 567	OK
2107	     0	76.0	107.6	 569	OK
2108	     0	78.4	111.2	 570	OK
2109	     0	76.4	108.3	 544	OK
2110	     0	76.3	107.4	 573	OK
2111	     0	76.7	107.8	 558	OK
2112	     0	76.9	108.1	 556	OK
2113	     0	78.9	111.9	 550	OK
2114	     0	75.7	109.1	 564	OK
2115	     0	74.9	106.7	 562	OK
2116	     0	77.0	110.2	 562	OK
2117	     0	76.8	108.8	 561	OK
2118	     0	77.2	110.5	 561	OK
2119	     0	78.2	110.8	 541	OK
2120	     0	75.5	106.3	 546	OK
2121	     0	77.1	109.6	 534	OK
2122	     0	75.7	109.8	 555	OK
2123	     0	77.0	108.6	 560	OK
2124	     0	74.7	107.8	 560	OK
2125	     0	74.6	106.8	 539	OK
2126	     0	74.7	107.1	 558	OK
2127	     0	75.8	108.2	 549	OK
2128	     0	75.7	107.5	 574	OK
2129	     0	79.4	111.4	 560	OK
2130	     0	74.9	107.2	 548	OK
2131	     0	79.3	110.4	 551	OK
2132	     0	78.4	110.6	 557	OK
2133	     0	77.3	108.5	 570	OK
2134	     0	80.5	111.4	 547	OK
2135	     0	76.2	107.2	 538	OK
2136	     0	73.9	107.0	 542	OK
2137	     0	78.9	110.5	 555	OK
2138	     0	73.8	105.7	 543	OK
2139	     0	77.4	109.1	 549	OK
2140	     0	77.8	110.3	 565	OK
2141	     0	77.5	109.3	 548	OK
2142	     0	77.3	108.5	 553	OK
2143	     0	75.0	108.2	 559	OK
2144	     0	72.9	104.9	 551	OK
2145	     0	73.8	105.0	 546	OK
2146	     0	79.5	111.8	 544	OK
2147	     0	77.5	110.3	 549	OK
2148	     0	76.2	108.1	 548	OK
2149	     0	79.0	110.1	 561	OK
2150	     0	75.2	106.4	 572	OK
2151	     0	76.7	109.1	 547	OK
2152	     0	77.5	108.6	 555	OK
2153	     0	77.1	111.7	 543	OK
2154	     0	77.1	109.2	 524	OK
2155	     0	75.2	108.4	 556	OK
2156	     0	73.9	106.5	 550	OK
2157	     0	77.1	109.2	 553	OK
2158	     0	76.9	107.5	 551	OK
2159	     0	75.9	108.0	 539	OK
2160	     0	79.5	111.9	 560	OK
2161	     0	76.7	108.9	 568	OK
2162	     0	77.4	111.2	 541	OK
2163	     0	77.5	107.6	 563	OK
2164	     0	77.0	109.5	 552	OK
2165	     0	77.9	109.3	 546	OK
2166	     0	77.1	108.2	 551	OK
2167	     0	78.0	109.0	 544	OK
2168	     0	78.0	111.5	 548	OK
2169	     0	77.8	110.3	 548	OK
2170	     0	77.5	110.3	 555	OK
2171	     0	75.4	106.5	 547	OK
2172	     0	77.6	108.0	 542	OK
2173	     0	77.0	109.2	 541	OK
2174	     0	75.8	105.4	 552	OK
2175	     0	78.1	111.1	 538	OK
2176	     0	76.9	110.5	 548	OK
2177	     0	78.1	112.3	 552	OK
2178	     0	80.8	113.8	 566	OK
2179	     0	78.6	111.0	 560	OK
2180	     0	79.1	110.9	 567	OK
2181	     0	79.6	112.0	 545	OK
2182	     0	76.8	109.3	 553	OK
2183	     0	78.2	110.0	 555	OK
2184	     0	75.0	107.9	 563	OK
2185	     0	81.5	113.3	 555	OK
2186	     0	77.2	109.5	 553	OK
2187	     0	75.7	109.1	 557	OK
2188	     0	76.2	108.6	 566	OK
2189	     0	79.5	111.0	 557	OK
2190	     0	77.3	110.3	 550	OK
2191	     0	78.8	110.6	 541	OK
2192	     0	77.3	112.1	 556	OK
2193	     0	80.9	112.7	 539	OK
2194	     0	81.6	116.1	 561	OK
2195	     0	77.8	109.2	 557	OK
2196	     0	78.5	110.1	 552	OK
2197	     0	78.5	112.8	 548	OK
2198	     0	80.4	113.4	 566	OK
2199	     0	78.9	113.0	 569	OK
2200	     0	77.1	110.0	 563	OK
2201	     0	79.4	111.9	 557	OK
2202	     0	78.8	112.6	 566	OK
2203	     0	76.6	109.4	 562	OK
2204	     0	78.9	110.5	 555	OK
2205	     0	77.5	110.2	 566	OK
2206	     0	77.2	110.6	 567	OK
2207	     0	79.2	112.7	 567	OK
2208	     0	77.9	109.3	 556	OK
2209	     0	74.6	108.9	 558	OK
2210	     0	78.0	111.2	 566	OK
2211	     0	76.8	109.3	 552	OK
2212	     0	83.7	115.8	 554	OK
2213	     0	79.6	112.7	 570	OK
2214	     0	79.6	112.0	 569	OK
2215	     0	79.6	112.2	 559	OK
2216	     0	78.4	112.0	 549	OK
2217	     0	79.1	111.6	 564	OK
2218	     0	76.9	110.2	 560	OK
2219	     0	75.2	107.6	 573	OK
2220	     0	74.5	108.5	 568	OK
2221	     0	78.8	111.9	 584	OK
2222	     0	79.8	113.8	 555	OK
2223	     0	76.7	111.2	 562	OK
2224	     0	79.6	111.0	 547	OK
2225	     0	77.0	110.6	 568	OK
2226	     0	78.8	113.2	 575	OK
2227	     0	77.4	111.2	 562	OK
2228	     0	79.9	114.7	 557	OK
2229	     0	74.8	107.6	 586	OK
2230	     0	78.7	110.7	 590	OK
2231	     0	76.4	109.9	 582	OK
2232	     0	81.0	113.3	 550	OK
2233	     0	80.1	112.4	 545	OK
2234	     0	79.7	114.8	 560	OK
2235	     0	77.6	111.9	 568	OK
2236	     0	77.2	108.0	 572	OK
2237	     0	78.7	111.8	 558	OK
2238	     0	77.6	110.7	 559	OK
2239	     0	82.3	117.4	 549	OK
2240	     0	76.2	110.1	 570	OK
2241	     0	77.8	111.5	 573	OK
2242	     0	77.9	109.9	 567	OK
2243	     0	78.3	112.4	 565	OK
2244	     0	79.7	113.1	 581	OK
2245	     0	77.4	111.9	 567	OK
2246	     0	77.3	111.2	 571	OK
2247	     0	78.4	110.7	 573	OK
2248	     0	78.9	110.4	 579	OK
2249	     0	78.2	110.8	 578	OK
2250	     0	79.4	113.6	 569	OK
2251	     0	77.0	109.1	 547	OK
2252	     0	76.4	107.8	 557	OK
2253	     0	77.1	109.1	 563	OK
2254	     0	74.4	106.7	 567	OK
2255	     0	78.9	114.0	 554	OK
2256	     0	76.6	110.6	 563	OK
2257	     0	76.9	107.9	 568	OK
2258	     0	79.0	112.0	 549	OK
2259	     0	76.7	109.4	 568	OK
2260	     0	78.8	110.5	 552	OK
2261	     0	78.9	111.8	 560	OK
2262	     0	80.3	112.6	 556	OK
2263	     0	76.1	110.6	 551	OK
2264	     0	82.0	114.9	 554	OK
2265	     0	77.2	109.3	 552	OK
2266	     0	77.2	109.4	 559	OK
2267	     0	77.5	109.3	 546	OK
2268	     0	77.6	110.3	 574	OK
2269	     0	76.4	110.0	 558	OK
2270	     0	79.3	111.7	 563	OK
2271	     0	78.9	111.4	 559	OK
2272	     0	77.0	110.3	 551	OK
2273	     0	80.5	115.9	 549	OK
2274	     0	78.3	109.3	 550	OK
2275	     0	76.4	109.2	 572	OK
2276	     0	78.1	114.0	 569	OK
2277	     0	75.9	108.9	 554	OK
2278	     0	77.8	110.2	 537	OK
2279	     0	79.6	111.8	 561	OK
2280	     0	78.7	111.2	 569	OK
2281	     0	80.0	114.3	 559	OK
2282	     0	76.3	108.6	 551	OK
2283	     0	77.2	110.7	 558	OK
2284	     0	77.1	110.6	 551	OK
2285	     0	80.5	114.4	 533	OK
2286	     0	77.7	112.9	 558	OK
2287	     0	79.4	114.1	 572	OK
2288	     0	76.9	110.1	 548	OK
2289	     0	79.2	113.2	 545	OK
2290	     0	76.0	108.6	 579	OK
2291	     0	78.2	110.5	 558	OK
2292	     0	79.1	111.1	 549	OK
2293	     0	81.5	114.6	 540	OK
2294	     0	76.7	111.3	 559	OK
2295	     0	79.8	114.0	 565	OK
2296	     0	79.2	110.9	 554	OK
2297	     0	77.9	108.9	 551	OK
2298	     0	81.0	115.5	 564	OK
2299	     0	77.6	110.9	 562	OK
2300	     0	76.3	108.1	 557	OK
2301	     0	77.4	110.0	 548	OK
2302	     0	77.5	112.0	 544	OK
2303	     0	79.9	113.6	 563	OK
2304	     0	79.5	111.3	 565	OK
2305	     0	80.5	116.6	 538	OK
2306	     0	75.9	109.1	 547	OK
2307	     0	76.9	108.9	 547	OK
2308	     0	77.8	112.4	 555	OK
2309	     0	76.3	110.4	 547	OK
2310	     0	76.5	110.1	 558	OK
2311	     0	76.6	108.2	 559	OK
2312	     0	79.7	114.3	 559	OK
2313	     0	79.3	113.1	 559	OK
2314	     0	78.4	110.5	 554	OK
2315	     0	77.3	109.0	 546	OK
2316	     0	78.3	111.2	 559	OK
2317	     0	77.2	111.2	 553	OK
2318	     0	77.1	108.9	 560	OK
2319	     0	75.2	108.8	 547	OK
2320	     0	77.2	110.6	 544	OK
2321	     0	77.9	109.8	 533	OK
2322	     0	74.8	108.2	 562	OK
2323	     0	74.7	108.4	 544	OK
2324	     0	75.1	110.0	 561	OK
2325	     0	76.7	109.3	 548	OK
2326	     0	77.8	112.6	 559	OK
2327	     0	78.4	112.2	 530	OK
2328	     0	77.0	109.3	 561	OK
2329	     0	80.3	115.5	 562	OK
2330	     0	78.2	113.2	 551	OK
2331	     0	75.5	108.8	 532	OK
2332	     0	79.7	113.1	 548	OK
2333	     0	76.5	110.1	 557	OK
2334	     0	79.2	113.2	 542	OK
2335	     0	76.9	111.1	 545	OK
2336	     0	77.2	111.1	 551	OK
2337	     0	78.5	110.5	 560	OK
2338	     0	77.6	111.0	 571	OK
2339	     0	74.9	108.8	 559	OK
2340	     0	75.1	108.4	 559	OK
2341	     0	78.0	112.6	 534	OK
2342	     0	76.2	109.4	 561	OK
2343	     0	76.6	109.3	 553	OK
2344	     0	74.3	107.9	 569	OK
2345	     0	78.2	112.8	 546	OK
2346	     0	78.4	109.8	 556	OK
2347	     0	75.5	108.4	 552	OK
2348	     0	74.8	107.9	 562	OK
2349	     0	78.6	110.6	 556	OK
2350	     0	76.0	109.8	 555	OK
2351	     0	77.5	112.4	 567	OK
2352	     0	78.2	110.3	 564	OK
2353	     0	76.3	109.3	 540	OK
2354	     0	74.9	106.9	 554	OK
2355	     0	75.8	110.0	 552	OK
2356	     0	77.1	112.5	 563	OK
2357	     0	77.0	111.4	 539	OK
2358	     0	77.5	111.2	 550	OK
2359	     0	77.5	110.2	 558	OK
2360	     0	75.7	109.2	 573	OK
2361	     0	76.4	109.3	 560	OK
2362	     0	79.7	112.3	 545	OK
2363	     0	77.8	112.8	 547	OK
2364	     0	78.3	111.3	 559	OK
2365	     0	76.2	108.7	 546	OK
2366	     0	77.1	109.1	 556	OK
2367	     0	77.7	111.2	 574	OK
2368	     0	77.4	110.8	 582	OK
2369	     0	75.0	109.1	 551	OK
2370	     0	76.6	108.3	 544	OK
2371	     0	75.4	110.8	 554	OK
2372	     0	75.9	109.8	 574	OK
2373	     0	78.5	114.0	 571	OK
2374	     0	76.1	108.7	 555	OK
2375	     0	75.9	109.1	 566	OK
2376	     0	77.1	109.7	 552	OK
2377	     0	73.4	107.7	 543	OK
2378	     0	78.2	110.5	 556	OK
2379	     0	77.4	109.2	 563	OK
2380	     0	77.5	112.8	 552	OK
2381	     0	76.8	109.6	 546	OK
2382	     0	77.9	111.8	 547	OK
2383	     0	78.8	110.8	 558	OK
2384	     0	75.0	109.4	 559	OK
2385	     0	77.9	109.8	 551	OK
2386	     0	79.3	113.5	 543	OK
2387	     0	75.6	108.7	 550	OK
2388	     0	79.2	113.4	 543	OK
2389	     0	77.8	110.1	 545	OK
2390	     0	77.6	111.2	 563	OK
2391	     0	78.0	109.8	 555	OK
2392	     0	76.2	110.7	 550	OK
2393	     0	75.4	107.5	 547	OK
2394	     0	76.1	109.1	 549	OK
2395	     0	78.1	111.3	 546	OK
2396	     0	76.7	107.6	 541	OK
2397	     0	78.3	112.4	 547	OK
2398	     0	76.7	109.9	 547	OK
2399	     0	76.8	110.3	 541	OK
2400	     0	79.1	110.9	 544	OK
2401	     0	76.0	110.1	 533	OK
2402	     0	75.4	109.0	 545	OK
2403	     0	73.7	106.4	 556	OK
2404	     0	76.3	110.2	 564	OK
2405	     0	76.4	112.0	 546	OK
2406	     0	74.0	107.5	 545	OK
2407	     0	75.2	110.4	 552	OK
2408	     0	79.1	112.5	 538	OK
2409	     0	77.0	109.4	 552	OK
2410	     0	74.1	106.3	 552	OK
2411	     0	79.3	112.5	 552	OK
2412	     0	77.2	110.7	 563	OK
2413	     0	79.1	113.1	 537	OK
2414	     0	78.3	110.7	 537	OK
2415	     0	77.7	112.4	 540	OK
2416	     0	77.0	109.8	 555	OK
2417	     0	79.5	113.9	 544	OK
2418	     0	77.3	112.0	 556	OK
2419	     0	80.9	112.4	 550	OK
2420	     0	75.6	107.3	 563	OK
2421	     0	76.7	110.3	 530	OK
2422	     0	80.3	113.6	 531	OK
2423	     0	77.6	112.8	 543	OK
2424	     0	79.5	112.4	 548	OK
2425	     0	79.4	112.8	 550	OK
2426	     0	80.1	112.8	 536	OK
2427	     0	79.4	113.3	 550	OK
2428	     0	80.1	115.0	 560	OK
2429	     0	77.2	111.5	 561	OK
2430	     0	80.5	113.9	 551	OK
2431	     0	76.7	111.8	 544	OK
2432	     0	70.5	104.6	 567	OK
2433	     0	73.0	106.1	 564	OK
2434	     0	70.1	103.0	 577	OK
2435	     0	72.6	105.8	 542	OK
2436	     0	69.0	102.1	 552	OK
2437	     0	69.5	101.3	 569	OK
2438	     0	67.7	102.1	 558	OK
2439	     0	70.9	103.8	 567	OK
2440	     0	72.2	104.3	 556	OK
2441	     0	69.0	101.2	 576	OK
2442	     0	65.1	98.3	 577	OK
2443	     0	71.0	103.6	 561	OK
2444	     0	70.9	103.5	 572	OK
2445	     0	71.2	105.7	 565	OK
2446	     0	69.4	101.4	 560	OK
2447	     0	70.2	103.4	 557	OK
2448	     0	71.9	106.3	 554	OK
2449	     0	69.4	103.2	 567	OK
2450	     0	67.4	100.2	 571	OK
2451	     0	73.3	104.6	 551	OK
2452	     0	70.1	102.3	 568	OK
2453	     0	70.0	102.1	 558	OK
2454	     0	71.0	103.7	 568	OK
2455	     0	71.0	103.3	 563	OK
2456	     0	71.2	105.4	 553	OK
2457	     0	71.8	103.0	 554	OK
2458	     0	71.0	105.1	 578	OK
2459	     0	72.0	102.9	 570	OK
2460	     0	69.1	102.0	 560	OK
2461	     0	68.0	101.9	 569	OK
2462	     0	71.4	105.5	 554	OK
2463	     0	70.3	103.6	 561	OK
2464	     0	69.8	103.9	 560	OK
2465	     0	69.7	102.8	 562	OK
2466	     0	71.1	103.7	 576	OK
2467	     0	70.4	101.6	 578	OK
2468	     0	71.0	103.8	 560	OK
2469	     0	70.0	101.7	 560	OK
2470	     0	69.7	102.8	 568	OK
2471	     0	71.1	104.8	 557	OK
2472	     0	67.9	100.2	 571	OK
2473	     0	69.3	102.7	 566	OK
2474	     0	69.9	101.9	 575	OK
2475	     0	71.2	103.2	 562	OK
2476	     0	71.2	105.7	 579	OK
2477	     0	69.7	101.8	 569	OK
2478	     0	72.0	104.8	 559	OK
2479	     0	71.2	104.9	 574	OK
2480	     0	71.7	105.1	 573	OK
2481	     0	69.3	101.5	 577	OK
2482	     0	69.0	101.3	 564	OK
2483	     0	70.4	103.1	 569	OK
2484	     0	69.8	104.1	 566	OK
2485	     0	69.6	102.8	 573	OK
2486	     0	69.9	101.8	 591	OK
2487	     0	71.2	103.5	 546	OK
2488	     0	70.9	102.5	 591	OK
2489	     0	71.8	104.9	 562	OK
2490	     0	69.9	104.3	 554	OK
2491	     0	69.4	103.3	 565	OK
2492	     0	70.6	103.4	 568	OK
2493	     0	66.2	97.5	 567	OK
2494	     0	71.9	106.4	 561	OK
2495	     0	75.5	110.0	 570	OK
2496	     0	72.6	105.8	 579	OK
2497	     0	68.5	100.0	 553	OK
2498	     0	69.8	102.6	 584	OK
2499	     0	73.6	107.2	 577	OK
2500	     0	71.0	103.1	 552	OK
2501	     0	72.3	103.6	 555	OK
2502	     0	71.3	104.3	 556	OK
2503	     0	70.2	101.3	 560	OK
2504	     0	73.4	106.0	 576	OK
2505	     0	71.1	106.1	 556	OK
2506	     0	71.1	103.3	 552	OK
2507	     0	69.0	101.8	 567	OK
2508	     0	72.2	105.9	 552	OK
2509	     0	70.9	103.0	 585	OK
2510	     0	70.2	103.5	 555	OK
2511	     0	70.9	103.2	 548	OK
2512	     0	73.9	105.6	 545	OK
2513	     0	73.1	106.0	 557	OK
2514	     0	69.1	101.9	 567	OK
2515	     0	71.4	104.8	 565	OK
2516	     0	70.3	104.2	 569	OK
2517	     0	75.1	110.0	 579	OK
2518	     0	71.6	104.2	 576	OK
2519	     0	72.4	104.1	 547	OK
2520	     0	69.9	101.7	 541	OK
2521	     0	72.3	105.6	 555	OK
2522	     0	72.5	105.0	 561	OK
2523	     0	74.0	107.6	 558	OK
2524	     0	74.6	109.6	 574	OK
2525	     0	71.6	104.4	 567	OK
2526	     0	69.7	104.3	 556	OK
2527	     0	70.9	103.7	 559	OK
2528	     0	70.5	102.2	 553	OK
2529	     0	71.9	107.1	 551	OK
2530	     0	70.9	103.1	 555	OK
2531	     0	73.4	106.8	 559	OK
2532	     0	70.9	102.9	 554	OK
2533	     0	74.1	108.5	 561	OK
2534	     0	73.4	106.5	 561	OK
2535	     0	72.0	104.5	 566	OK
2536	     0	75.0	108.7	 561	OK
2537	     0	70.5	102.4	 551	OK
2538	     0	72.2	105.2	 549	OK
2539	     0	70.6	104.3	 558	OK
2540	     0	75.4	109.4	 561	OK
2541	     0	70.6	104.5	 577	OK
2542	     0	72.5	106.6	 563	OK
2543	     0	71.9	105.9	 540	OK
2544	     0	69.4	100.5	 552	OK
2545	     0	72.5	104.8	 545	OK
2546	     0	71.3	104.8	 559	OK
2547	     0	78.3	110.3	 559	OK
2548	     0	72.8	106.5	 565	OK
2549	     0	71.4	105.0	 558	OK
2550	     0	72.6	105.2	 550	OK
2551	     0	73.4	105.3	 568	OK
2552	     0	74.5	108.0	 563	OK
2553	     0	75.1	109.4	 563	OK
2554	     0	74.1	106.7	 571	OK
2555	     0	76.0	109.2	 556	OK
2556	     0	72.9	106.6	 550	OK
2557	     0	72.5	105.3	 572	OK
2558	     0	74.1	107.8	 569	OK
2559	     0	78.5	111.6	 539	OK
